0.01066059 0.00431019 0.00401774 0.00635736 0.00117677 0.00426842 0.00788926 0.00543126 0.00169901 0.00568890 0.01046563 0.00534771 0.00195665 0.00246496 0.00564712 0.00511096 0.00483243 0.00085647 0.00203324 0.00631558 
0.00413612 0.00213769 0.00272259 0.00406648 0.00036905 0.00203324 0.00428931 0.00346765 0.00116285 0.00189398 0.00373922 0.00253459 0.00052224 0.00153189 0.00318216 0.00300112 0.00236051 0.00043172 0.00151101 0.00244407 
0.00261815 0.00164331 0.00265993 0.00304986 0.00047349 0.00198450 0.00385759 0.00233266 0.00105144 0.00171294 0.00293149 0.00304986 0.00064757 0.00104447 0.00416397 0.00256941 0.00215858 0.00036905 0.00128122 0.00183131 
0.00513185 0.00316127 0.00326572 0.00520148 0.00061276 0.00264600 0.00657322 0.00424056 0.00149012 0.00323091 0.00450516 0.00477673 0.00088432 0.00199843 0.00591868 0.00385759 0.00360692 0.00061972 0.00178257 0.00355817 
0.00059883 0.00027853 0.00047349 0.00051527 0.00025067 0.00033423 0.00058491 0.00097484 0.00032727 0.00029245 0.00070328 0.00043868 0.00019497 0.00027156 0.00128122 0.00063365 0.00062668 0.00005571 0.00021586 0.00044564 
0.00366958 0.00165027 0.00226999 0.00264600 0.00035512 0.00240925 0.00369744 0.00264600 0.00096092 0.00170597 0.00343980 0.00240925 0.00059883 0.00096092 0.00254852 0.00222125 0.00217251 0.00028549 0.00102358 0.00194272 
0.00681693 0.00367655 0.00497169 0.00633647 0.00053616 0.00380885 0.00938634 0.00541037 0.00176864 0.00397596 0.00705368 0.00694227 0.00143441 0.00201932 0.00395507 0.00394811 0.00449820 0.00057098 0.00169205 0.00430323 
0.00323091 0.00363477 0.00373225 0.00492295 0.00075898 0.00280615 0.00582816 0.00373922 0.00192879 0.00243014 0.00394115 0.00592565 0.00104447 0.00299416 0.00497866 0.00488117 0.00388544 0.00101662 0.00304290 0.00322394 
0.00136478 0.00082862 0.00089825 0.00135782 0.00020889 0.00077291 0.00139263 0.00149708 0.00123944 0.00091914 0.00156671 0.00089128 0.00038994 0.00072417 0.00234658 0.00116285 0.00115588 0.00024371 0.00057794 0.00092610 
0.00449820 0.00170597 0.00280615 0.00364173 0.00074506 0.00178257 0.00408041 0.00295934 0.00089128 0.00249977 0.00483939 0.00289667 0.00083558 0.00165723 0.00507614 0.00310557 0.00254852 0.00029942 0.00107929 0.00260422 
0.00593957 0.00268082 0.00385759 0.00569586 0.00097484 0.00329357 0.00693531 0.00338409 0.00142745 0.00342587 0.00756895 0.00434501 0.00153189 0.00277134 0.00853683 0.00403167 0.00342587 0.00061276 0.00158064 0.00348854 
0.00538948 0.00238140 0.00425449 0.00536163 0.00040386 0.00286186 0.00773607 0.00403167 0.00151101 0.00263207 0.00463050 0.00495777 0.00094003 0.00155278 0.00405256 0.00408737 0.00398989 0.00046653 0.00226999 0.00286882 
0.00105840 0.00053616 0.00090521 0.00123944 0.00016712 0.00071024 0.00144834 0.00096092 0.00028549 0.00071024 0.00151101 0.00089825 0.00047349 0.00055705 0.00155278 0.00082165 0.00080773 0.00012534 0.00043172 0.00081469 
0.00220732 0.00084951 0.00132300 0.00181738 0.00038994 0.00094699 0.00183131 0.00189398 0.00064757 0.00149708 0.00331446 0.00116981 0.00069632 0.00137174 0.00246496 0.00155975 0.00136478 0.00039690 0.00091217 0.00182435 
0.00460265 0.00191487 0.00258333 0.00441464 0.00043172 0.00217251 0.00607187 0.00413612 0.00128818 0.00158064 0.00402471 0.00282704 0.00061276 0.00199843 0.00339802 0.00300808 0.00257637 0.00069632 0.00147619 0.00279919 
0.00577246 0.00358603 0.00332143 0.00489510 0.00080076 0.00345373 0.00567497 0.00629469 0.00162242 0.00369047 0.00675426 0.00476280 0.00140656 0.00204717 0.00492295 0.00559838 0.00444946 0.00061276 0.00171990 0.00441464 
0.00492295 0.00260422 0.00281312 0.00439375 0.00071024 0.00263207 0.00515970 0.00479065 0.00151101 0.00286186 0.00543126 0.00327268 0.00095395 0.00162938 0.00532682 0.00382974 0.00379492 0.00049438 0.00123944 0.00359299 
0.00075202 0.00054313 0.00052224 0.00052224 0.00012534 0.00042475 0.00071024 0.00066846 0.00025764 0.00050135 0.00122552 0.00052224 0.00022282 0.00044564 0.00072417 0.00043868 0.00041083 0.00018801 0.00032031 0.00056402 
0.00171990 0.00086343 0.00140656 0.00169901 0.00023675 0.00100269 0.00190791 0.00162938 0.00070328 0.00102358 0.00261118 0.00126033 0.00045261 0.00116981 0.00205413 0.00127426 0.00094699 0.00029942 0.00082862 0.00126033 
0.00575853 0.00247888 0.00332839 0.00446338 0.00078684 0.00229088 0.00552178 0.00397596 0.00113499 0.00339802 0.00614847 0.00365566 0.00124641 0.00191487 0.00629469 0.00415701 0.00337713 0.00051527 0.00107929 0.00353032 
