0.00323612 0.00226265 0.00255206 0.00359130 0.00065775 0.00167068 0.00351237 0.00451215 0.00142073 0.00467001 0.00472263 0.00286778 0.00077614 0.00299933 0.00347291 0.00318350 0.00363077 0.00072352 0.00227581 0.00615652 
0.00186800 0.00188116 0.00151282 0.00395964 0.00032887 0.00149966 0.00438060 0.00274939 0.00085507 0.00238105 0.00310457 0.00136812 0.00053935 0.00207848 0.00142073 0.00267046 0.00236789 0.00056566 0.00186800 0.00345975 
0.00361761 0.00288093 0.00369654 0.00456477 0.00053935 0.00280200 0.00538038 0.00369654 0.00134181 0.00247313 0.00339398 0.00448584 0.00073668 0.00184169 0.00249944 0.00414381 0.00402542 0.00072352 0.00223634 0.00303879 
0.00573556 0.00610390 0.00493311 0.00614336 0.00056566 0.00340713 0.00723522 0.00493311 0.00189431 0.00276254 0.00405173 0.00711683 0.00078930 0.00181538 0.00330189 0.00766934 0.00651170 0.00093400 0.00272308 0.00399911 
0.00090769 0.00051304 0.00069721 0.00082876 0.00071037 0.00022363 0.00074983 0.00101293 0.00043411 0.00126288 0.00139442 0.00063144 0.00023679 0.00076299 0.00052620 0.00072352 0.00099978 0.00021048 0.00072352 0.00143389 
0.00138127 0.00160490 0.00146020 0.00182854 0.00023679 0.00111817 0.00159175 0.00188116 0.00106555 0.00176276 0.00222319 0.00182854 0.00042096 0.00135496 0.00127603 0.00168383 0.00197324 0.00055251 0.00126288 0.00223634 
0.00235474 0.00357815 0.00247313 0.00286778 0.00044727 0.00159175 0.00357815 0.00428851 0.00134181 0.00313088 0.00392018 0.00499888 0.00080245 0.00188116 0.00277569 0.00297302 0.00361761 0.00063144 0.00196009 0.00453846 
0.00409119 0.00411750 0.00388071 0.00614336 0.00063144 0.00340713 0.00698528 0.00572240 0.00231527 0.00280200 0.00414381 0.00630122 0.00114448 0.00295986 0.00459108 0.00613021 0.00643277 0.00119710 0.00305195 0.00439375 
0.00134181 0.00114448 0.00106555 0.00188116 0.00036834 0.00093400 0.00196009 0.00174961 0.00139442 0.00143389 0.00176276 0.00102609 0.00057882 0.00118395 0.00111817 0.00136812 0.00122341 0.00042096 0.00102609 0.00168383 
0.00351237 0.00185485 0.00189431 0.00201271 0.00094716 0.00119710 0.00244682 0.00252575 0.00107871 0.00591973 0.00672218 0.00182854 0.00101293 0.00303879 0.00290724 0.00274939 0.00394649 0.00073668 0.00218372 0.00757725 
0.00410435 0.00228896 0.00201271 0.00261784 0.00088138 0.00168383 0.00294671 0.00355184 0.00148651 0.00753779 0.00962942 0.00240736 0.00144704 0.00444637 0.00286778 0.00307826 0.00378863 0.00114448 0.00263099 0.00948472 
0.00194693 0.00176276 0.00218372 0.00302564 0.00042096 0.00128919 0.00388071 0.00384125 0.00115764 0.00309141 0.00313088 0.00280200 0.00069721 0.00182854 0.00190747 0.00320981 0.00347291 0.00080245 0.00270992 0.00417012 
0.00076299 0.00061828 0.00053935 0.00074983 0.00035518 0.00043411 0.00069721 0.00076299 0.00035518 0.00182854 0.00168383 0.00078930 0.00048673 0.00115764 0.00077614 0.00089454 0.00103924 0.00024994 0.00053935 0.00203902 
0.00215741 0.00117079 0.00111817 0.00173645 0.00068406 0.00090769 0.00184169 0.00247313 0.00078930 0.00317034 0.00389387 0.00124972 0.00074983 0.00238105 0.00219688 0.00153913 0.00213110 0.00039465 0.00139442 0.00397280 
0.00309141 0.00188116 0.00188116 0.00326243 0.00034203 0.00174961 0.00507781 0.00264415 0.00119710 0.00224950 0.00268361 0.00235474 0.00057882 0.00184169 0.00336767 0.00314403 0.00347291 0.00077614 0.00184169 0.00297302 
0.00547246 0.00386756 0.00370970 0.00652486 0.00052620 0.00368339 0.00812976 0.00516990 0.00178907 0.00352553 0.00481471 0.00543300 0.00099978 0.00232843 0.00398595 0.00673534 0.00615652 0.00109186 0.00244682 0.00511728 
0.00513043 0.00369654 0.00345975 0.00545931 0.00067090 0.00315719 0.00848494 0.00419643 0.00192062 0.00430167 0.00510412 0.00505150 0.00119710 0.00251260 0.00423589 0.00549877 0.00677480 0.00067090 0.00282831 0.00553823 
0.00063144 0.00042096 0.00049989 0.00073668 0.00014470 0.00038149 0.00063144 0.00098662 0.00024994 0.00063144 0.00096031 0.00031572 0.00015786 0.00053935 0.00082876 0.00056566 0.00044727 0.00026310 0.00040780 0.00077614 
0.00171014 0.00107871 0.00099978 0.00214426 0.00034203 0.00094716 0.00194693 0.00224950 0.00073668 0.00190747 0.00260468 0.00164437 0.00056566 0.00217057 0.00194693 0.00131550 0.00146020 0.00060513 0.00152597 0.00234158 
0.00490680 0.00301248 0.00228896 0.00342029 0.00142073 0.00186800 0.00388071 0.00388071 0.00168383 0.00814292 0.01031348 0.00267046 0.00148651 0.00451215 0.00386756 0.00361761 0.00538038 0.00101293 0.00284147 0.01190523 
