0.01337679 0.00671533 0.00395019 0.00499161 0.00144541 0.00504547 0.00798118 0.00447988 0.00213669 0.00728990 0.01390647 0.00662555 0.00286389 0.00347437 0.00141848 0.00514423 0.00486592 0.00110426 0.00275616 0.00751434 
0.00304344 0.00259456 0.00105039 0.00260354 0.00019751 0.00249580 0.00534174 0.00192123 0.00072719 0.00199305 0.00395019 0.00211874 0.00096959 0.00080799 0.00054764 0.00208283 0.00166985 0.00040400 0.00067333 0.00188532 
0.00377962 0.00268433 0.00243296 0.00260354 0.00039502 0.00219954 0.00373473 0.00277411 0.00092470 0.00253171 0.00512627 0.00391428 0.00091573 0.00137359 0.00068231 0.00263047 0.00242398 0.00037706 0.00107733 0.00253171 
0.00621257 0.00592529 0.00392326 0.00359108 0.00065537 0.00308833 0.00504547 0.00466841 0.00159803 0.00303447 0.00628440 0.00710137 0.00139154 0.00207385 0.00089777 0.00429134 0.00457863 0.00065537 0.00198407 0.00422850 
0.00112221 0.00046684 0.00035911 0.00036809 0.00133768 0.00043093 0.00058355 0.00048480 0.00026035 0.00072719 0.00161599 0.00051173 0.00033218 0.00046684 0.00017955 0.00060151 0.00036809 0.00015262 0.00036809 0.00094266 
0.00401304 0.00286389 0.00169679 0.00219954 0.00030524 0.00283696 0.00348335 0.00186736 0.00087982 0.00253171 0.00456965 0.00333073 0.00101448 0.00115812 0.00047582 0.00228932 0.00161599 0.00034115 0.00079004 0.00239705 
0.00736172 0.00879815 0.00333971 0.00373473 0.00057457 0.00403099 0.00718217 0.00364495 0.00140052 0.00379757 0.00792732 0.01068347 0.00140052 0.00148132 0.00131972 0.00417463 0.00334869 0.00054764 0.00143643 0.00405792 
0.00569187 0.00285491 0.00190327 0.00256762 0.00059253 0.00201101 0.00346540 0.00308833 0.00099653 0.00332175 0.00582653 0.00308833 0.00145439 0.00201101 0.00117608 0.00276513 0.00285491 0.00051173 0.00151723 0.00338460 
0.00161599 0.00134666 0.00096959 0.00111324 0.00026035 0.00092470 0.00158905 0.00101448 0.00073617 0.00118506 0.00228932 0.00129279 0.00047582 0.00080799 0.00043093 0.00113119 0.00109528 0.00029626 0.00049377 0.00120301 
0.00586244 0.00259456 0.00160701 0.00183145 0.00085288 0.00231625 0.00343846 0.00219056 0.00095164 0.00551231 0.00922011 0.00311526 0.00190327 0.00250478 0.00076311 0.00256762 0.00228932 0.00081697 0.00174168 0.00478512 
0.01260470 0.00562005 0.00255865 0.00374370 0.00142746 0.00564698 0.00771185 0.00324095 0.00211874 0.00909442 0.01897898 0.00655373 0.00347437 0.00472227 0.00131075 0.00554822 0.00480307 0.00156212 0.00397712 0.00873531 
0.00434521 0.00301651 0.00191225 0.00403997 0.00041297 0.00307935 0.00797221 0.00284593 0.00074515 0.00288184 0.00512627 0.00460556 0.00106835 0.00099653 0.00086186 0.00290878 0.00226238 0.00038604 0.00104141 0.00283696 
0.00187634 0.00109528 0.00067333 0.00093368 0.00028729 0.00083493 0.00129279 0.00061048 0.00039502 0.00163394 0.00312424 0.00113119 0.00072719 0.00087084 0.00032320 0.00078106 0.00088879 0.00028729 0.00062844 0.00144541 
0.00354619 0.00174168 0.00096061 0.00107733 0.00046684 0.00136461 0.00195714 0.00147234 0.00062844 0.00278309 0.00518912 0.00165190 0.00121199 0.00159803 0.00043093 0.00188532 0.00138257 0.00064640 0.00114915 0.00304344 
0.00301651 0.00244194 0.00110426 0.00152621 0.00038604 0.00203794 0.00298958 0.00126586 0.00072719 0.00311526 0.00455170 0.00245091 0.00096061 0.00151723 0.00079902 0.00191225 0.00217261 0.00070924 0.00099653 0.00342051 
0.00567391 0.00335766 0.00289980 0.00386041 0.00075413 0.00324993 0.00620360 0.00363597 0.00139154 0.00323198 0.00668839 0.00429134 0.00131972 0.00237012 0.00096061 0.00358211 0.00320504 0.00050275 0.00170576 0.00354619 
0.00505445 0.00264842 0.00237909 0.00324993 0.00058355 0.00306140 0.00541356 0.00380655 0.00106835 0.00284593 0.00548538 0.00316913 0.00114017 0.00140052 0.00082595 0.00291776 0.00260354 0.00050275 0.00135563 0.00308833 
0.00086186 0.00068231 0.00037706 0.00039502 0.00007182 0.00050275 0.00086186 0.00059253 0.00019751 0.00067333 0.00147234 0.00055662 0.00029626 0.00069128 0.00031422 0.00054764 0.00049377 0.00024240 0.00055662 0.00113119 
0.00254967 0.00132870 0.00092470 0.00131972 0.00022444 0.00149928 0.00193919 0.00128381 0.00043093 0.00156212 0.00351926 0.00175065 0.00087982 0.00117608 0.00055662 0.00158905 0.00114017 0.00032320 0.00099653 0.00168781 
0.00768492 0.00332175 0.00211874 0.00214567 0.00082595 0.00286389 0.00409384 0.00272922 0.00101448 0.00531480 0.01015379 0.00321402 0.00187634 0.00285491 0.00108630 0.00340255 0.00324993 0.00091573 0.00192123 0.00576369 
