0.01036120 0.00610369 0.00292625 0.00428263 0.00087913 0.00484778 0.00852758 0.00379283 0.00199689 0.00527479 0.01120265 0.00655581 0.00246157 0.00282578 0.00119311 0.00465940 0.00411936 0.00072842 0.00208480 0.00462172 
0.00292625 0.00342861 0.00223551 0.00337838 0.00037677 0.00291369 0.00823872 0.00210992 0.00080378 0.00276299 0.00606601 0.00272531 0.00124334 0.00114287 0.00065307 0.00217271 0.00203456 0.00037677 0.00139405 0.00222295 
0.00306440 0.00209736 0.00207224 0.00221039 0.00031398 0.00224807 0.00340350 0.00164523 0.00074098 0.00165779 0.00283834 0.00251181 0.00084145 0.00104240 0.00072842 0.00239877 0.00173315 0.00030142 0.00076610 0.00158244 
0.00545062 0.00508641 0.00354165 0.00330302 0.00042701 0.00337838 0.00479755 0.00223551 0.00129358 0.00170803 0.00366724 0.00551341 0.00090425 0.00082890 0.00069075 0.00329047 0.00270019 0.00051492 0.00136893 0.00180850 
0.00065307 0.00047724 0.00031398 0.00046468 0.00060283 0.00036421 0.00060283 0.00099216 0.00056516 0.00070331 0.00134382 0.00043957 0.00030142 0.00046468 0.00007535 0.00048980 0.00059027 0.00018839 0.00036421 0.00062795 
0.00396865 0.00287602 0.00241133 0.00423239 0.00026374 0.00317743 0.00626695 0.00155732 0.00075354 0.00194665 0.00406912 0.00316487 0.00087913 0.00082890 0.00050236 0.00241133 0.00222295 0.00033909 0.00086657 0.00151964 
0.00793731 0.00970813 0.00458405 0.00351653 0.00050236 0.00567668 0.00822616 0.00291369 0.00177082 0.00408168 0.00833919 0.01108962 0.00197177 0.00130614 0.00104240 0.00453381 0.00411936 0.00057772 0.00172059 0.00308952 
0.00346629 0.00262484 0.00164523 0.00246157 0.00025118 0.00175826 0.00342861 0.00241133 0.00089169 0.00145685 0.00346629 0.00288858 0.00085401 0.00114287 0.00084145 0.00275043 0.00228574 0.00047724 0.00086657 0.00168291 
0.00116799 0.00128102 0.00079122 0.00136893 0.00027630 0.00105496 0.00169547 0.00084145 0.00100472 0.00074098 0.00210992 0.00114287 0.00061539 0.00050236 0.00036421 0.00108008 0.00100472 0.00022606 0.00065307 0.00124334 
0.00408168 0.00317743 0.00280066 0.00287602 0.00111775 0.00292625 0.00497337 0.00242389 0.00126846 0.00742239 0.01275997 0.00411936 0.00266251 0.00325279 0.00074098 0.00297649 0.00356676 0.00082890 0.00198433 0.00543806 
0.01044911 0.00629207 0.00421983 0.00523711 0.00185874 0.00585251 0.00842711 0.00439566 0.00287602 0.01136592 0.02128755 0.00561389 0.00370491 0.00573948 0.00145685 0.00474731 0.00565156 0.00167035 0.00423239 0.00985884 
0.00380539 0.00313976 0.00246157 0.00560133 0.00031398 0.00374259 0.01132824 0.00238622 0.00085401 0.00287602 0.00512408 0.00454637 0.00141917 0.00105496 0.00076610 0.00312720 0.00262484 0.00041445 0.00134382 0.00174570 
0.00156988 0.00135637 0.00092937 0.00121823 0.00017583 0.00094193 0.00228574 0.00102984 0.00051492 0.00214759 0.00347885 0.00129358 0.00099216 0.00118055 0.00028886 0.00102984 0.00116799 0.00035165 0.00085401 0.00170803 
0.00320255 0.00184618 0.00139405 0.00130614 0.00092937 0.00165779 0.00224807 0.00177082 0.00106752 0.00303928 0.00689491 0.00223551 0.00172059 0.00313976 0.00052748 0.00187130 0.00195921 0.00062795 0.00199689 0.00405657 
0.00281322 0.00179594 0.00106752 0.00165779 0.00030142 0.00140661 0.00282578 0.00113031 0.00036421 0.00105496 0.00179594 0.00179594 0.00055260 0.00074098 0.00057772 0.00150708 0.00139405 0.00043957 0.00072842 0.00126846 
0.00430775 0.00313976 0.00242389 0.00272531 0.00030142 0.00312720 0.00478499 0.00275043 0.00106752 0.00216015 0.00429519 0.00416960 0.00114287 0.00149452 0.00089169 0.00354165 0.00253692 0.00037677 0.00111775 0.00207224 
0.00324023 0.00277555 0.00291369 0.00254948 0.00043957 0.00287602 0.00423239 0.00223551 0.00114287 0.00369235 0.00629207 0.00361700 0.00148197 0.00159500 0.00064051 0.00266251 0.00253692 0.00040189 0.00124334 0.00298905 
0.00113031 0.00120567 0.00077866 0.00042701 0.00022606 0.00099216 0.00109264 0.00042701 0.00061539 0.00108008 0.00165779 0.00099216 0.00050236 0.00079122 0.00020094 0.00055260 0.00062795 0.00022606 0.00071586 0.00123078 
0.00169547 0.00248669 0.00139405 0.00085401 0.00064051 0.00180850 0.00198433 0.00125590 0.00096705 0.00199689 0.00468452 0.00278810 0.00121823 0.00159500 0.00043957 0.00134382 0.00155732 0.00057772 0.00140661 0.00263740 
0.00553853 0.00445845 0.00298905 0.00318999 0.00146941 0.00359188 0.00578971 0.00291369 0.00120567 0.00686979 0.01417914 0.00465940 0.00258716 0.00332814 0.00075354 0.00361700 0.00404401 0.00091681 0.00194665 0.00715865 
