0.00699042 0.00276590 0.00182432 0.00205761 0.00114756 0.00201348 0.00260197 0.00356036 0.00133251 0.00717748 0.01160166 0.00220474 0.00211016 0.00481511 0.00269655 0.00279112 0.00328083 0.00154058 0.00321358 0.00856463 
0.00275539 0.00201558 0.00163936 0.00379576 0.00054015 0.00167509 0.00529851 0.00287099 0.00109081 0.00267553 0.00464907 0.00146492 0.00089324 0.00216480 0.00197354 0.00231192 0.00233294 0.00095630 0.00233084 0.00307906 
0.00183903 0.00184954 0.00171293 0.00178859 0.00044977 0.00124424 0.00171293 0.00197564 0.00073982 0.00157421 0.00237918 0.00178649 0.00065154 0.00125685 0.00123373 0.00190629 0.00187476 0.00053384 0.00141448 0.00192310 
0.00196093 0.00396600 0.00189157 0.00179910 0.00043506 0.00126525 0.00170662 0.00231403 0.00142709 0.00168981 0.00250529 0.00357508 0.00055696 0.00132200 0.00162675 0.00231823 0.00216270 0.00062842 0.00185585 0.00203029 
0.00130308 0.00054645 0.00047289 0.00040774 0.00265661 0.00033208 0.00043506 0.00078816 0.00047289 0.00141658 0.00219002 0.00050652 0.00049601 0.00119379 0.00060741 0.00063683 0.00070409 0.00035940 0.00083019 0.00172133 
0.00179700 0.00145861 0.00119800 0.00132410 0.00031526 0.00118539 0.00146702 0.00160994 0.00070198 0.00177178 0.00282475 0.00139346 0.00063263 0.00124003 0.00139556 0.00164357 0.00165198 0.00054225 0.00129047 0.00201137 
0.00219213 0.00468270 0.00173815 0.00146492 0.00047710 0.00143550 0.00192310 0.00216480 0.00143760 0.00235816 0.00359820 0.00434642 0.00081758 0.00184113 0.00170452 0.00244013 0.00231823 0.00078816 0.00229301 0.00293614 
0.00387773 0.00289621 0.00228881 0.00243383 0.00085331 0.00166879 0.00236237 0.00363182 0.00124424 0.00329344 0.00479619 0.00238759 0.00124844 0.00271546 0.00242122 0.00277011 0.00292984 0.00101515 0.00222785 0.00407319 
0.00138295 0.00111393 0.00067256 0.00149645 0.00049811 0.00069778 0.00137454 0.00124634 0.00097521 0.00128837 0.00206812 0.00073141 0.00055696 0.00106559 0.00083650 0.00114966 0.00119169 0.00050442 0.00115806 0.00158892 
0.00703035 0.00250739 0.00161414 0.00163726 0.00122742 0.00168350 0.00245274 0.00297608 0.00128417 0.01175719 0.01680559 0.00239810 0.00274068 0.00690635 0.00236027 0.00253681 0.00329975 0.00186425 0.00403326 0.01149447 
0.01117500 0.00451456 0.00236657 0.00242542 0.00201558 0.00282055 0.00379996 0.00453137 0.00209544 0.01656389 0.02915127 0.00345107 0.00441157 0.01083242 0.00399332 0.00379576 0.00490969 0.00328504 0.00650492 0.01733734 
0.00211646 0.00137244 0.00170242 0.00345528 0.00041825 0.00128627 0.00470161 0.00233294 0.00073982 0.00232664 0.00341324 0.00154058 0.00073141 0.00163516 0.00143339 0.00209334 0.00221735 0.00071670 0.00203029 0.00272177 
0.00214378 0.00104247 0.00067256 0.00067676 0.00047079 0.00063263 0.00095419 0.00120851 0.00054015 0.00282896 0.00453347 0.00090585 0.00103826 0.00228670 0.00098782 0.00092267 0.00114335 0.00066205 0.00150275 0.00302442 
0.00464697 0.00217951 0.00126525 0.00127997 0.00110342 0.00138295 0.00173184 0.00249057 0.00114125 0.00665624 0.01084923 0.00155950 0.00206392 0.00573568 0.00207653 0.00200087 0.00240230 0.00160153 0.00337961 0.00695889 
0.00243803 0.00204500 0.00131780 0.00151746 0.00066836 0.00132410 0.00175496 0.00223416 0.00090165 0.00232874 0.00399543 0.00136614 0.00091426 0.00213328 0.00180961 0.00178018 0.00182222 0.00116647 0.00231192 0.00284157 
0.00291303 0.00237077 0.00195673 0.00230142 0.00067256 0.00161835 0.00253471 0.00259356 0.00117908 0.00264820 0.00391136 0.00207443 0.00106349 0.00215429 0.00185164 0.00270916 0.00264190 0.00087433 0.00200297 0.00339012 
0.00350152 0.00234765 0.00194832 0.00209544 0.00069148 0.00160574 0.00240861 0.00284157 0.00118539 0.00339433 0.00522075 0.00227620 0.00116227 0.00235186 0.00201558 0.00261248 0.00325561 0.00091846 0.00211016 0.00424343 
0.00133041 0.00097311 0.00052544 0.00056327 0.00033838 0.00062212 0.00080077 0.00091636 0.00048130 0.00169611 0.00298869 0.00067046 0.00061371 0.00150485 0.00103406 0.00072090 0.00082178 0.00056747 0.00105718 0.00187056 
0.00304544 0.00219213 0.00135143 0.00195463 0.00070829 0.00128417 0.00238759 0.00230982 0.00113074 0.00400594 0.00630945 0.00198615 0.00141448 0.00336490 0.00230562 0.00175916 0.00194412 0.00121691 0.00240020 0.00415306 
0.00861928 0.00294876 0.00177388 0.00189157 0.00143760 0.00198826 0.00275119 0.00387983 0.00161204 0.01156383 0.01691699 0.00262929 0.00287730 0.00701354 0.00298448 0.00286048 0.00393658 0.00199036 0.00436954 0.01314224 
