0.00669770497252658
0.00283539474907853
0.00188762497600897
0.00212704072244196
0.00118520687696998
0.00209538244192193
0.0024752818081627
0.00358332162636502
0.00129205357372522
0.00708749755142987
0.0114781053310566
0.00221410099387212
0.00201623674062173
0.00495847818645542
0.00254057701173533
0.00281956560881845
0.00352000506532495
0.00168382479516104
0.00346064578934974
0.00830436270892002
0.00275427040524582
0.00194698425198411
0.00181639384483885
0.00378712180721301
0.000476852850333501
0.0016778888675635
0.00513655601438078
0.00286705302959855
0.00101306497664212
0.0024831963782927
0.00449151854878449
0.00140681484061046
0.000840923076314275
0.00211516886724694
0.00185200941042393
0.00225367384452223
0.00224180198932725
0.000953705700667003
0.00234271275848495
0.00304117357245892
0.00190939004386648
0.00192521918412655
0.00185398805295637
0.0017985860620463
0.000470916922735994
0.00131975456918025
0.00174714135620116
0.00219827185361209
0.000866645429236818
0.00159676452373083
0.00240800796205758
0.001895539546139
0.000597550044816253
0.00135537013476532
0.00139098570035039
0.0020518523062068
0.00192917646919152
0.000581720904556204
0.00151564017989818
0.00200238624289424
0.00185596669548889
0.0039711355627359
0.0019845784601017
0.0018144152023063
0.00042342950195592
0.00132569049677779
0.0016244655191859
0.00233281954582239
0.00129205357372518
0.00163831601691342
0.00242779438738262
0.00363674497474267
0.000522361628581098
0.00144243040619552
0.00145430226139053
0.00232292633315989
0.00222003692146966
0.000637122895466336
0.00193511239678907
0.00206768144646684
0.00129601085879024
0.000518404343516096
0.000429365429553356
0.000423429501955872
0.00271469755459568
0.000383856651305797
0.000417493574358361
0.000844880361379281
0.000464980995138475
0.00148200325684558
0.00228137483997727
0.000548083981503659
0.000457066425008465
0.00120103601722997
0.000633165610401335
0.00067669574611642
0.000716268596766498
0.000360112940915762
0.000819158008456689
0.00160863637892584
0.00194500560945159
0.00153542660522321
0.0012564380081401
0.00133558370944031
0.00035219837078575
0.00117531366430746
0.00151168289483317
0.00163238008931596
0.000676695746116402
0.0018144152023063
0.00278988597083085
0.0014740886867156
0.00061535782760878
0.00131777592664778
0.00128413900359519
0.00163435873184841
0.0017431840711362
0.000627229682803808
0.00139296434288294
0.00202612995328425
0.00228533212504229
0.00469531872963242
0.00184409484029386
0.00145628090392306
0.000490703348061052
0.00144836633379301
0.00191334732893152
0.00229720398023733
0.00130194678638775
0.00233479818835489
0.00351604778025992
0.00449151854878453
0.000722204524364011
0.00189751818867146
0.00168184615262851
0.00244955945524014
0.00234271275848492
0.000896325067224407
0.00238822153673252
0.00272854805232323
0.00384845972572057
0.0026632528487506
0.00232292633315986
0.00230709719289982
0.00082311529352174
0.00181045791724128
0.0023387554734199
0.00374161302896541
0.00126435257827013
0.00320737954518925
0.00471114786989241
0.00247923909322769
0.00118916416203499
0.00273250533738822
0.00231105447796484
0.00280571511109088
0.00303919492992635
0.00103878732956465
0.0024099866045901
0.00393354135461824
0.00137119927502536
0.00107242425261727
0.000793435655534171
0.00142264398087052
0.000441237284748413
0.000747926877286571
0.00147211004418308
0.00118718551950248
0.000888410497094374
0.00125050208054259
0.00209340379938942
0.000771670587676626
0.000526318913646092
0.00108825339287725
0.000846859003911765
0.00122873701268507
0.00122280108508755
0.00051444705845107
0.00123467294028257
0.00146815275911809
0.0068164235244768
0.00253068379907281
0.00152949067762571
0.00151564017989815
0.00127820307599768
0.00174911999873368
0.00228533212504228
0.00297785701141875
0.00126039529320513
0.0113138780008588
0.0159399442418535
0.0022338874191972
0.00242779438738256
0.00695492850175212
0.00230313990783484
0.00246934588056516
0.00335775637765953
0.00178869284938379
0.00419076488384386
0.0111555865982585
0.0109082562816954
0.00444798841306934
0.00238822153673252
0.00226950298478224
0.00209933972698693
0.00283539474907846
0.00377920723708293
0.00437477863936674
0.00201030081302424
0.0162921426126392
0.0281184890294164
0.00349032542733737
0.00383658787052557
0.0112881556479362
0.00407402497442608
0.00391771221435828
0.00487339655755775
0.00326278153609937
0.00673332053811164
0.0167848246032327
0.00229126805263983
0.00135537013476533
0.00166997429743352
0.00353187692051996
0.000447173212345961
0.00139692162794793
0.00468344687443733
0.00253266244160533
0.000773649230209133
0.00226554569971726
0.00348636814227232
0.00149783239710566
0.000666802533453904
0.00183024434256634
0.00142264398087046
0.00207955330166191
0.00224971655945717
0.000765734660079098
0.00210329701205192
0.00258410714745045
0.00197468524743916
0.00095370570066703
0.000696482171441463
0.000645037465596371
0.000463002352605982
0.000690546243843961
0.00087455999936683
0.00115948452404741
0.000474874207800998
0.0025346410841378
0.00417097845851877
0.000870602714301832
0.00103878732956466
0.00218639999841705
0.000951727058134499
0.000908196922419369
0.00111199710326733
0.00063514425293384
0.00143055855100049
0.00274437719258324
0.00489318298288278
0.00220420778120964
0.00129205357372521
0.00131579728411526
0.00116344180911246
0.0014800246143131
0.00190543275880152
0.00248517502082521
0.00121290787242507
0.00669374768746156
0.0108548329333178
0.00158489266853584
0.00199842895782918
0.00619512976927051
0.00224773791692471
0.00211319022471445
0.00243768760004509
0.00165810244223847
0.00358530026889755
0.00689556922577702
0.0025682780071904
0.00196479203477662
0.00133756235197281
0.00162842280425092
0.000668781175986413
0.00131183999905024
0.00181441520230629
0.00222003692146972
0.000929961990276959
0.00242383710231762
0.00400081520072344
0.00134943420716783
0.000870602714301821
0.00217057085815707
0.00172735493087612
0.00170954714808358
0.00190741140133398
0.00112584760099485
0.00247330316563021
0.00280175782602591
0.00290662588024865
0.00245747402537014
0.00206570280393435
0.00236843511140749
0.000654930678258883
0.00160270045132835
0.00245153809777265
0.00267116741888063
0.00121686515749005
0.00262170135556802
0.00389001121890316
0.00215672036042953
0.000929961990276927
0.00226158841465224
0.00178275692178625
0.00270480434193314
0.00264346642342556
0.000941833845471986
0.00201425809808924
0.00316978533707165
0.0036169585494176
0.00233479818835493
0.00206966008899934
0.00212110479484442
0.00069648217144146
0.00169767529288858
0.00252276922894278
0.00294619873089873
0.00127226714840016
0.00349823999746731
0.00539180090107384
0.00229126805263984
0.00103285140196716
0.00250694008868275
0.00198457846010167
0.0027582276903108
0.0034230515812322
0.000975470768524508
0.00231699040556239
0.00423033773449387
0.00154531981788575
0.00102889411690217
0.000623272397738816
0.000652952035726409
0.000407600361695828
0.00069054624384395
0.000817179365924218
0.00104076597209716
0.000540169411373619
0.00184211619776135
0.0031401056990841
0.000765734660079098
0.000621293755206307
0.00172537628834361
0.00111397574579984
0.000801350225664147
0.000965577555862003
0.000702418099038959
0.00118718551950247
0.00205383094873929
0.00324497375330686
0.0022734602698473
0.00140285755554547
0.00198062117503666
0.000809264795794181
0.00131777592664776
0.00235458461367993
0.00235062732861496
0.0011792709493725
0.00401862298351595
0.00658690099070628
0.00208548922925939
0.00130392542892027
0.00353979149064993
0.00240998660459006
0.00178473556431876
0.00204195909354429
0.00123467294028258
0.00260191493024296
0.00418285031371382
0.00801745954170682
0.00297785701141876
0.00186585990815138
0.00186981719321645
0.0015255333925607
0.00189356090360646
0.00274833447764827
0.00376535673935539
0.00141275076820794
0.010941893204748
0.0163040144678342
0.00258014986238541
0.00258608578998293
0.00708947619396237
0.00293828416076869
0.00283935203414347
0.00401862298351593
0.00191136868639902
0.00449745447638198
0.0124872130226337
