1.1449234393537 -0.387075706620366 -0.204235315828462 -0.264984200189109 0.3151252563319 -0.0820661086951695 -0.0370774484645517 0.117858161227499 -0.507029696883262 -0.42376516443609 -0.630819568202289 -0.165098196304901 -0.390313563676339 -1.08308080627513 -0.0163457058336878 0.502378108805297 0.249516167868836 -1.50644064954342 -1.02986845406287 -0.00377960616757367
-0.387075706620366 1.73246279731468 -0.0296536391175799 -0.407140399611378 -0.712445748220708 0.46854896156478 -0.0454056586459801 -0.694125466138358 0.18657862919567 -1.03905108853418 -0.82835149213943 0.990161647735108 -0.64092332895711 -1.30369522264202 -0.664601305517792 -0.173336780453336 -0.244391635612556 -1.19819172069348 -0.906873182823166 -0.914068792238026
-0.204235315828468 -0.0296536391175826 1.63605449753156 0.719098632430592 -0.566266508856042 0.206359395122766 0.154407751235138 0.078885130282158 0.463047732003012 -1.21916019217276 -1.23437216550139 0.204873429521813 -0.845206001742344 -1.28259027250191 -0.560093781454956 0.451175622125738 0.178028869930217 -1.58439807317344 -0.767290442290903 -1.0243386689964
-0.264984200189113 -0.407140399611385 0.719098632430591 1.69714571753622 -1.15349394045965 0.155890441533825 0.926142254654614 -0.167379580950033 -0.0963487634170725 -1.66178184982501 -1.60948020773041 -0.0813052547060691 -1.26823393279761 -1.81308660754587 -0.375342087319891 0.0553490429133099 -0.229133763310816 -1.99521828906363 -1.34707181672319 -1.31892694159718
0.315125256331911 -0.712445748220717 -0.566266508856044 -1.15349394045967 3.18583999777539 -0.774109852337256 -1.04776400791789 -0.574038683324307 -0.604331080819096 -0.249374456332979 -0.385504881205501 -0.933937005598082 -0.215290720415551 -0.543202242463362 -1.00819452173108 0.274950056322149 0.0638247105218621 -1.22598472146452 -0.463841270562138 0.0982879456370656
-0.082066108695166 0.468548961564782 0.206359395122773 0.155890441533834 -0.774109852337245 1.40259234442274 0.577837043954436 -0.50470243285585 0.427571306359932 -0.835572117676663 -0.59922595415681 0.58036494387052 -0.26818109108267 -1.20614909881922 -0.272965716238773 0.0187216804195831 -0.0443889959212429 -1.36517294093473 -0.851142331751314 -0.686359232081128
-0.0370774484645526 -0.0454056586459846 0.15440775123514 0.926142254654616 -1.04776400791787 0.57783704395443 1.37644264000679 -0.435238849517711 -0.159086229396398 -1.16648646709137 -1.13336453677865 0.296348592589903 -0.843588870287649 -1.62044696745667 -0.300550625399407 -0.0376760993594738 -0.156371666658555 -1.73582180631837 -1.24305296147372 -0.849295638707003
0.117858161227494 -0.694125466138363 0.0788851302821536 -0.167379580950032 -0.574038683324321 -0.504702432855865 -0.435238849517711 2.07432260645267 -0.670534442688294 -1.76976527830683 -1.72598143494537 -0.521152566113365 -1.29608687616517 -1.79325197433877 -0.7156058817881 0.131222456490391 -0.53282343838564 -1.77991327701313 -1.65602234958022 -1.32503350103056
-0.507029696883259 0.186578629195682 0.463047732003024 -0.096348763417061 -0.604331080819076 0.427571306359944 -0.159086229396391 -0.670534442688272 2.24193735373993 -1.12333956312891 -0.846252495907039 0.0265582032306364 -0.722784658097605 -0.228241544832683 -0.672950174795236 -0.178462442547873 -0.359089346692463 -0.723504796119049 0.594339708875768 -1.00860022508266
-0.423765164436067 -1.03905108853416 -1.21916019217272 -1.66178184982497 -0.249374456332955 -0.835572117676636 -1.16648646709134 -1.76976527830682 -1.12333956312891 1.46989977207679 0.740222932456513 -0.959612832556991 0.65173586179911 -0.142237958156553 -1.19647809736204 -0.874227144184476 -0.158029308588097 -1.2396647085526 -0.749357295798758 1.12232615758647
-0.630819568202273 -0.828351492139414 -1.23437216550135 -1.60948020773039 -0.385504881205484 -0.599225954156788 -1.13336453677864 -1.72598143494536 -0.846252495907032 0.740222932456509 1.42230532213365 -0.859269882356673 0.913271402942857 0.234311369901701 -1.10778356838955 -0.992192669995579 -0.538885432391776 -0.767115317503025 -0.461555366379216 0.448852868143594
-0.165098196304902 0.990161647735105 0.204873429521814 -0.0813052547060673 -0.933937005598089 0.580364943870515 0.296348592589902 -0.52115256611336 0.026558203230624 -0.95961283255702 -0.859269882356695 1.39491158522357 -0.574488917846839 -1.44463300314124 -0.359653685451542 -0.0319473444095237 -0.0317084768298859 -1.58547596479379 -1.07507205912485 -0.774090432825432
-0.39031356367633 -0.640923328957096 -0.845206001742325 -1.26823393279761 -0.215290720415526 -0.268181091082655 -0.843588870287642 -1.29608687616519 -0.722784658097598 0.651735861799104 0.913271402942853 -0.574488917846823 1.96604537510494 0.0937514213841233 -1.06319558442397 -0.587999127823967 -0.146518502658909 -0.841353204411811 -0.512850578490146 0.411507319657619
-1.0830808062751 -1.30369522264199 -1.28259027250186 -1.81308660754583 -0.543202242463327 -1.20614909881916 -1.62044696745664 -1.79325197433873 -0.228241544832659 -0.142237958156535 0.234311369901721 -1.4446330031412 0.0937514213841446 1.97778969995657 -1.60228606444775 -1.1518350297084 -1.0537596261663 0.178484949326074 1.14440374147974 -0.345335838695267
-0.0163457058336958 -0.664601305517806 -0.560093781454961 -0.375342087319889 -1.00819452173112 -0.272965716238784 -0.300550625399411 -0.715605881788107 -0.672950174795258 -1.19647809736207 -1.10778356838957 -0.359653685451544 -1.06319558442399 -1.60228606444783 2.43341373142308 0.0089525699388826 -0.317432596872715 -1.99520133334446 -1.5497663067631 -0.842237660617987
0.502378108805297 -0.173336780453335 0.451175622125744 0.0553490429133161 0.274950056322143 0.0187216804195796 -0.0376760993594711 0.131222456490399 -0.178462442547877 -0.874227144184503 -0.992192669995598 -0.0319473444095202 -0.587999127823982 -1.15183502970844 0.00895256993888882 1.1241058715803 0.678520419330353 -1.51938531103247 -0.95409599580872 -0.526192882180835
0.249516167868839 -0.244391635612556 0.178028869930223 -0.229133763310807 0.0638247105218639 -0.0443889959212447 -0.156371666658552 -0.532823438385626 -0.359089346692469 -0.158029308588116 -0.538885432391789 -0.0317084768298823 -0.146518502658919 -1.05375962616634 -0.317432596872708 0.678520419330353 1.38900493376775 -1.52393880344268 -1.01259773033755 0.0449561610172342
-1.50644064954333 -1.1981917206934 -1.58439807317336 -1.99521828906354 -1.22598472146446 -1.36517294093457 -1.73582180631834 -1.77991327701306 -0.723504796118974 -1.23966470855254 -0.767115317502962 -1.58547596479372 -0.841353204411721 0.178484949326121 -1.99520133334436 -1.51938531103238 -1.52393880344261 2.57954907011777 0.314264268984743 -1.30730013747795
-1.02986845406283 -0.906873182823121 -0.767290442290848 -1.34707181672313 -0.463841270562088 -0.851142331751255 -1.24305296147368 -1.65602234958015 0.594339708875797 -0.749357295798736 -0.461555366379192 -1.07507205912479 -0.51285057849013 1.14440374147974 -1.54976630676303 -0.954095995808673 -1.0125977303375 0.3142642689847 2.10293625466162 -0.795639879123606
-0.00377960616756212 -0.914068792238023 -1.02433866899638 -1.31892694159717 0.0982879456370682 -0.686359232081121 -0.849295638706991 -1.32503350103056 -1.00860022508268 1.12232615758646 0.448852868143589 -0.774090432825422 0.411507319657615 -0.345335838695298 -0.842237660617976 -0.526192882180828 0.0449561610172413 -1.30730013747804 -0.795639879123645 1.33891648423515
