2.00078728543467 -1.29679778242815 -1.15788127316776 -1.15979069465915 -0.159056407025349 -0.662932916571073 -0.594649801114119 -0.479850788620829 -1.42786404186329 -1.44384497851079 -1.53392922475693 -0.832228361446998 -1.08395330138311 -2.13078453098938 -0.662002784305337 0.320165758780083 -0.241009582881531 -2.57154375142544 -1.98854277380039 -0.393255732003293
-1.29679778242815 2.48823401115528 -0.783621852959881 -1.54871296408363 -1.58352238541631 0.0543624051614344 -0.888608173364915 -1.72617012659385 -0.360269749363093 -2.15965907926584 -1.69401354825708 0.78923825276813 -1.47933707554947 -2.50077020258335 -1.73008278921372 -0.887792616997367 -1.06517996103201 -2.09051811137814 -1.84642613941689 -1.99381524794986
-1.15788127316777 -0.783621852959881 2.68947694248003 0.444854660441527 -1.53701491194255 -0.254154320410102 -0.670027990472421 -0.551763707900514 0.165302789488129 -2.36758959391248 -2.44220073959421 -0.243119922562888 -1.71894399558421 -2.41293476466881 -1.64199666140313 0.25595516856216 -0.295319645447564 -2.7222973448457 -1.5845116156221 -2.2891082882335
-1.15979069465915 -1.54871296408364 0.444854660441526 2.46105402470939 -2.75380007263661 -0.612301156621627 0.674032441527059 -0.976850924050741 -0.852191312313837 -3.38625369545414 -3.12923791898274 -1.00384286312402 -2.71322494497012 -3.22453744151238 -1.25244943213488 -0.569408820040824 -1.10075339259679 -3.34568670723553 -2.55216075544838 -2.84548232787493
-0.159056407025332 -1.58352238541632 -1.53701491194257 -2.75380007263669 3.9522811142852 -1.99033486045286 -2.71498665446622 -1.55835978069382 -1.44964578764679 -1.2168428224308 -1.24177840146128 -2.53567455423063 -0.913928838779819 -1.39413224016381 -2.43260602554784 -0.131807559397212 -0.590872492586932 -2.27299885446306 -1.20575031060743 -0.454264163046211
-0.662932916571069 0.0543624051614371 -0.254154320410094 -0.61230115662162 -1.99033486045283 2.63665213068016 0.386166527439787 -1.45052864395461 0.185989553067709 -1.90235714072289 -1.24220820009427 0.358328351236005 -0.595990780634218 -2.45897020878807 -1.0022608348406 -0.52062761595518 -0.626292077150883 -2.3427048660124 -1.79564431879387 -1.61182388188339
-0.594649801114121 -0.888608173364927 -0.67002799047242 0.674032441527061 -2.71498665446614 0.38616652743978 2.21108227275334 -1.41833809759053 -0.972175624608986 -2.41519491060617 -2.21044812923841 -0.146316580267067 -1.79022850765318 -3.01871984270393 -1.1284917333864 -0.755971725994932 -0.887100641120959 -2.87235958768995 -2.32886469873719 -1.72473870561546
-0.479850788620833 -1.72617012659385 -0.55176370790052 -0.976850924050737 -1.55835978069384 -1.45052864395463 -1.41833809759052 2.52594619185446 -1.65946447266354 -3.50539961263787 -3.15299502974383 -1.46025999802432 -2.39706584719776 -3.00037880520618 -1.78636211973685 -0.442064787443968 -1.70325578406682 -2.85564249247881 -2.98295307657891 -2.68882051706269
-1.42786404186331 -0.360269749363079 0.165302789488142 -0.852191312313825 -1.44964578764676 0.185989553067724 -0.972175624608987 -1.65946447266351 3.18338510418823 -2.38570383206281 -1.77408191481468 -0.674211726288265 -1.65329192902714 -1.07251858587523 -1.59732927451681 -0.849442673139446 -1.19523414654726 -1.65995272521648 0.194241292199092 -2.14916902056901
-1.44384497851077 -2.1596590792658 -2.36758959391243 -3.38625369545399 -1.21684282243076 -1.90235714072285 -2.41519491060613 -3.50539961263792 -2.38570383206281 2.31175293999508 0.322263666730794 -2.03452435795041 0.25227131703152 -0.932842257080559 -2.47128762892555 -2.24584174070314 -0.784096465410934 -2.45587868628095 -1.85482236052405 1.03608869667251
-1.53392922475692 -1.69401354825706 -2.44220073959415 -3.12923791898267 -1.24177840146127 -1.24220820009424 -2.2104481292384 -3.15299502974382 -1.77408191481466 0.32226366673079 2.033687542723 -1.77755519462214 0.665085148196439 -0.362913492698945 -2.09441245873317 -2.1930339977959 -1.48858439687406 -1.69418048659662 -1.46659634362821 -0.192050551843135
-0.832228361446996 0.789238252768127 -0.243119922562888 -1.00384286312401 -2.53567455423067 0.358328351236 -0.14631658026707 -1.46025999802432 -0.674211726288276 -2.03452435795044 -1.77755519462216 2.35006938332792 -1.28819609478234 -2.83592502136935 -1.15531854195998 -0.680163087114463 -0.591915735383665 -2.79631675482069 -2.13260338864638 -1.69976396151388
-1.0839533013831 -1.47933707554945 -1.71894399558419 -2.71322494497017 -0.913928838779782 -0.595990780634203 -1.79022850765319 -2.39706584719787 -1.65329192902712 0.252271317031513 0.665085148196435 -1.28819609478232 3.21411405990225 -0.517592813250578 -2.21189183933493 -1.38012121657711 -0.608339586955203 -1.75907567360394 -1.47494989433512 -0.177504173107542
-2.13078453098937 -2.50077020258331 -2.41293476466876 -3.22453744151233 -1.39413224016377 -2.458970208788 -3.01871984270393 -3.00037880520613 -1.0725185858752 -0.932842257080543 -0.362913492698926 -2.83592502136931 -0.517592813250558 2.58668148941158 -2.79436585228767 -2.09805898257396 -2.16849726179369 -0.626857903178491 0.672700290391454 -1.23437788961258
-0.662002784305345 -1.73008278921374 -1.64199666140315 -1.25244943213488 -2.4326060255479 -1.00226083484062 -1.1284917333864 -1.78636211973684 -1.59732927451683 -2.47128762892556 -2.09441245873318 -1.15531854195997 -2.21189183933495 -2.79436585228781 2.91733217515496 -0.582350812501099 -1.1755798358177 -3.24603635267953 -2.78669047406659 -1.77816772579888
0.320165758780081 -0.887792616997362 0.255955168562167 -0.569408820040815 -0.131807559397219 -0.520627615955187 -0.755971725994931 -0.44206478744396 -0.849442673139447 -2.24584174070318 -2.19303399779592 -0.680163087114458 -1.38012121657714 -2.098058982574 -0.582350812501094 2.23683037340231 0.627501315580643 -2.57272517723096 -1.84513590454502 -1.56242960885395
-0.241009582881528 -1.06517996103201 -0.295319645447559 -1.10075339259677 -0.590872492586928 -0.626292077150887 -0.887100641120957 -1.7032557840668 -1.19523414654726 -0.784096465410953 -1.48858439687407 -0.591915735383662 -0.608339586955212 -2.16849726179373 -1.17557983581769 0.627501315580642 2.40695925777077 -2.63926871828149 -2.03348961017549 -0.38080395160214
-2.57154375142536 -2.09051811137805 -2.72229734484566 -3.34568670723546 -2.27299885446301 -2.34270486601218 -2.87235958768996 -2.85564249247875 -1.65995272521641 -2.4558786862809 -1.69418048659656 -2.79631675482065 -1.75907567360383 -0.626857903178446 -3.24603635267945 -2.57272517723087 -2.63926871828144 2.86131692130708 -0.460574149623359 -2.4606569442997
-1.98854277380036 -1.84642613941684 -1.58451161562204 -2.5521607554483 -1.20575031060738 -1.7956443187938 -2.32886469873714 -2.98295307657883 0.194241292199122 -1.85482236052402 -1.46659634362818 -2.13260338864633 -1.47494989433512 0.672700290391457 -2.78669047406652 -1.84513590454498 -2.03348961017544 -0.460574149623399 2.69284643400119 -1.79211866443492
-0.393255732003281 -1.99381524794986 -2.28910828823345 -2.84548232787491 -0.454264163046211 -1.61182388188339 -1.72473870561545 -2.68882051706274 -2.14916902056909 1.0360886966725 -0.192050551843142 -1.69976396151387 -0.177504173107548 -1.23437788961262 -1.77816772579888 -1.56242960885395 -0.380803951602132 -2.46065694429978 -1.79211866443496 2.14447214633157
