1.76121929945968 -0.927407740772724 -0.754267416382918 -0.792298239901033 0.0827088399734848 -0.399545146278879 -0.339239224273305 -0.20749833790908 -1.05818182097704 -1.01155326067693 -1.17543045899623 -0.543449139950333 -0.790853842384406 -1.73118135109651 -0.376145388803569 0.472949406421655 0.00878068809674648 -2.17392296821389 -1.61989985893644 -0.189548348569828
-0.927407740772725 2.28254721114505 -0.4589338572101 -1.09996757446397 -1.24405760378178 0.278059836434086 -0.531436535765875 -1.3285747342621 -0.100597130841222 -1.73458115465746 -1.3518945933425 0.956708040851056 -1.13822931808753 -2.05430869154734 -1.31597405551873 -0.585501428519363 -0.722070171334416 -1.74405039592522 -1.47907250373359 -1.57945300030416
-0.754267416382925 -0.458933857210101 2.40304550364724 0.62771787773794 -1.14693602957747 -0.0259611322397131 -0.308699915223587 -0.271600818211533 0.355184673355093 -1.94808907990995 -1.98846407592051 -0.0196553523223946 -1.37467248700901 -1.98674377902903 -1.21524068792725 0.409187234286573 -0.0545706669096626 -2.2992525312449 -1.25127807250807 -1.79919063580776
-0.792298239901037 -1.09996757446398 0.627717877737939 2.24995203001111 -2.13169169640623 -0.270884621225978 0.853860795064143 -0.644560543236765 -0.52925810009522 -2.74009082579531 -2.56574822530578 -0.618270821730023 -2.15222791063378 -2.71518901204771 -0.901751936540713 -0.290394396885957 -0.738873040367959 -2.85412292370631 -2.09688020454541 -2.25427580068253
0.0827088399735008 -1.2440576037818 -1.14693602957748 -2.13169169640627 3.75846838013004 -1.51239673473913 -2.04148256830374 -1.16845349012752 -1.11160236900568 -0.817138159662344 -0.896647649225065 -1.8809018619123 -0.617717156744195 -1.05174700319794 -1.877610392553 0.0858395256664908 -0.294625467308514 -1.87702243598516 -0.89617922778535 -0.198395688793558
-0.399545146278876 0.278059836434089 -0.025961132239706 -0.27088462122597 -1.5123967347391 2.29295550417713 0.541300571468391 -1.07659330539748 0.356412177246573 -1.48122444747902 -0.969221769046702 0.523113231830267 -0.416913438706779 -1.97832096182869 -0.697498166865688 -0.270303005472226 -0.361099426846081 -1.97260483638869 -1.41992917059742 -1.24348146100609
-0.339239224273306 -0.531436535765883 -0.308699915223587 0.853860795064144 -2.04148256830369 0.541300571468384 1.97383336230729 -1.030341642525 -0.628299279005446 -1.93653220790473 -1.80066737572608 0.079097753412495 -1.41375851856632 -2.50272575409223 -0.790585266200433 -0.444956059833492 -0.576303880489599 -2.45466490195047 -1.92070925906098 -1.3834670681484
-0.207498337909083 -1.3285747342621 -0.271600818211538 -0.644560543236761 -1.16845349012754 -1.0765933053975 -1.03034164252499 2.40961429919653 -1.27229687040258 -2.85645653660532 -2.63320227877863 -1.09061411880338 -1.98698586019924 -2.56348892966929 -1.37460212653059 -0.180273965405529 -1.23181944185102 -2.45663478943001 -2.49261271466224 -2.16958020427058
-1.05818182097705 -0.100597130841209 0.355184673355105 -0.52925810009521 -1.11160236900565 0.356412177246587 -0.628299279005443 -1.27229687040256 2.93943769770951 -1.90828734029892 -1.41382986965826 -0.362484913945861 -1.28282653853869 -0.721619812941506 -1.23424004220753 -0.555949448496483 -0.848346277317336 -1.29220212016297 0.416233367842864 -1.71831243577809
-1.01155326067691 -1.73458115465742 -1.9480890799099 -2.74009082579522 -0.81713815966231 -1.48122444747898 -1.93653220790469 -2.85645653660533 -1.90828734029892 2.0557320208805 0.544726302296959 -1.62070029884215 0.468201010034086 -0.604982510351502 -1.98665064692426 -1.69377632442257 -0.502892363265365 -1.99963721105083 -1.42956579727756 1.16604564902369
-1.17543045899622 -1.35189459334248 -1.98846407592045 -2.56574822530574 -0.896647649225048 -0.969221769046677 -1.80066737572607 -2.63320227877862 -1.41382986965825 0.544726302296955 1.8624785253801 -1.41631213644326 0.842689970674159 -0.0906708386450381 -1.71974489147263 -1.73082082148524 -1.1062318295732 -1.33327447714689 -1.0702917214221 0.103036255664216
-0.543449139950332 0.956708040851053 -0.0196553523223946 -0.61827082173002 -1.88090186191231 0.523113231830263 0.0790977534124924 -1.09061411880338 -0.362484913945874 -1.62070029884219 -1.41631213644328 2.07753672970357 -0.989704534379887 -2.3130509515565 -0.830884336572714 -0.391752702261427 -0.335283819339581 -2.34198750730932 -1.72741291926072 -1.33672659866879
-0.790853842384399 -1.13822931808751 -1.374672487009 -2.15222791063381 -0.617717156744161 -0.416913438706764 -1.41375851856632 -1.98698586019931 -1.28282653853868 0.46820101003408 0.842689970674154 -0.98970453437987 2.87869111626221 -0.242856200549876 -1.77156715030845 -1.05296400882445 -0.386044293664648 -1.40233655240236 -1.09540823338107 0.100035586756343
-1.73118135109649 -2.0543086915473 -1.98674377902898 -2.71518901204765 -1.05174700319791 -1.97832096182863 -2.50272575409222 -2.56348892966926 -0.721619812941483 -0.604982510351485 -0.0906708386450177 -2.31305095155646 -0.242856200549856 2.42326016767705 -2.35724655196882 -1.74125231591284 -1.74205795903126 -0.295752764400655 0.916104566781235 -0.875830202306605
-0.376145388803577 -1.31597405551875 -1.21524068792726 -0.901751936540709 -1.87761039255305 -0.697498166865699 -0.790585266200437 -1.37460212653059 -1.23424004220756 -1.98665064692428 -1.71974489147265 -0.830884336572715 -1.77156715030847 -2.35724655196893 2.79423536517868 -0.316829214716469 -0.822754640906802 -2.79265821076963 -2.33002704621952 -1.41423429586998
0.472949406421654 -0.585501428519358 0.409187234286579 -0.29039439688595 0.0858395256664828 -0.270303005472231 -0.444956059833491 -0.180273965405521 -0.555949448496484 -1.69377632442261 -1.73082082148526 -0.391752702261424 -1.05296400882447 -1.74125231591288 -0.316829214716463 1.90964510723214 0.746901720411558 -2.17926431263758 -1.49607381751327 -1.12447315721555
0.00878068809674826 -0.722070171334419 -0.0545706669096564 -0.738873040367948 -0.294625467308511 -0.361099426846084 -0.576303880489595 -1.231819441851 -0.84834627731734 -0.502892363265384 -1.10623182957321 -0.335283819339577 -0.386044293664658 -1.74205795903129 -0.822754640906795 0.746901720411558 2.12629948579885 -2.2249414906813 -1.64167821760648 -0.164223856069484
-2.1739229682138 -1.74405039592513 -2.29925253124484 -2.85412292370622 -1.8770224359851 -1.97260483638849 -2.45466490195047 -2.45663478942995 -1.29220212016289 -1.99963721105077 -1.33327447714683 -2.34198750730927 -1.40233655240226 -0.295752764400607 -2.79265821076954 -2.17926431263749 -2.22494149068124 2.78979789963703 -0.137921760244507 -2.03269401100191
-1.61989985893641 -1.47907250373355 -1.25127807250801 -2.09688020454534 -0.896179227785298 -1.41992917059735 -1.92070925906094 -2.49261271466217 0.416233367842893 -1.42956579727754 -1.07029172142208 -1.72741291926066 -1.09540823338107 0.916104566781237 -2.33002704621944 -1.49607381751322 -1.64167821760644 -0.137921760244549 2.53551305541659 -1.41164770354167
-0.189548348569817 -1.57945300030416 -1.79919063580772 -2.25427580068252 -0.198395688793558 -1.24348146100608 -1.38346706814839 -2.1695802042706 -1.71831243577814 1.16604564902368 0.10303625566421 -1.33672659866878 0.100035586756337 -0.87583020230664 -1.41423429586997 -1.12447315721555 -0.164223856069476 -2.032694011002 -1.41164770354171 1.90377747736531
