1.53787297619825 -0.685093787379293 -0.498388251943127 -0.553386840518137 0.21142097978019 -0.245269807033336 -0.191303284116247 -0.0476733468981907 -0.813346599856691 -0.738471477152864 -0.93610916183667 -0.366294925056986 -0.607453227615999 -1.45470368114403 -0.203913203847497 0.5235013987706 0.142011645118989 -1.89437246360093 -1.36761386202085 -0.0865843131272408
-0.685093787379293 2.08810285307475 -0.257086541374951 -0.79501119841018 -1.01503180092168 0.390880618965237 -0.305310876913166 -1.05542758107802 0.046481031980151 -1.43815172728988 -1.12389531888504 1.01518065016415 -0.916186726566048 -1.73815556840139 -1.03320022396279 -0.39571396335589 -0.503028765128636 -1.50990301310243 -1.23093544409772 -1.29349316550324
-0.498388251943134 -0.257086541374952 2.13059144554987 0.703694228078724 -0.888621178363648 0.0969197517175493 -0.0861147021612707 -0.103547543578698 0.437217506112099 -1.64521737012241 -1.66913671446994 0.0995679944293428 -1.14467436137615 -1.68840298398402 -0.927332330191841 0.462176458015898 0.0731317923829859 -1.99987735291085 -1.03506927938206 -1.46289708702247
-0.55338684051814 -0.795011198410188 0.703694228078724 2.05233511975563 -1.70680758340688 -0.0635386758990277 0.925093054481763 -0.429579345464655 -0.327088588259246 -2.28242682181737 -2.16326953270317 -0.370868946650118 -1.76875467665098 -2.34296049366945 -0.669304627719763 -0.123713842580839 -0.505892181597061 -2.4985137954698 -1.77813977855047 -1.84955548733116
0.211420979780204 -1.0150318009217 -0.888621178363655 -1.70680758340691 3.56600860092786 -1.18854235922327 -1.60026811480927 -0.906802108315475 -0.888334107776853 -0.558213398570757 -0.66948965514668 -1.45678341659701 -0.432536048817029 -0.826482190501092 -1.49899218711101 0.195803763949121 -0.118439962105803 -1.60140183528434 -0.699823153189428 -0.0509778180561709
-0.245269807033332 0.390880618965239 0.0969197517175564 -0.0635386758990197 -1.18854235922325 1.96990296497216 0.59420899805326 -0.825754754808121 0.422718568102366 -1.19793933514124 -0.800859806919474 0.584397048006358 -0.332763961046158 -1.64613261112615 -0.50447618843524 -0.126958858109725 -0.206176148321141 -1.71625123685034 -1.16969957989851 -0.998160042408008
-0.191303284116247 -0.305310876913173 -0.0861147021612698 0.925093054481765 -1.60026811480923 0.594208998053253 1.75540915058899 -0.769150979467409 -0.410687638262687 -1.60559612931136 -1.51645085711201 0.19770506584243 -1.16333604999414 -2.13303487569023 -0.570844163408617 -0.252929703734336 -0.381640098572923 -2.15653330370178 -1.63446917191771 -1.1533765378467
-0.0476733468981951 -1.05542758107802 -0.103547543578703 -0.429579345464653 -0.906802108315491 -0.825754754808138 -0.769150979467407 2.2955255780997 -1.01017691614423 -2.39607011153772 -2.25651499071951 -0.841885544911954 -1.69730919676733 -2.24706872889163 -1.0909920372641 -0.0275090981075863 -0.919408454950284 -2.17479598443058 -2.14226986466113 -1.80815016750436
-0.813346599856692 0.0464810319801634 0.437217506112113 -0.327088588259235 -0.888334107776828 0.422718568102379 -0.410687638262681 -1.01017691614421 2.70066147834606 -1.57377432426862 -1.16942307250002 -0.174028033110018 -1.03646545648331 -0.495930823978477 -0.989879018168366 -0.377223180581525 -0.625436292930699 -1.04452281160823 0.52615480381178 -1.416454962335
-0.73847147715284 -1.43815172728985 -1.64521737012237 -2.28242682181731 -0.558213398570728 -1.19793933514121 -1.60559612931133 -2.39607011153772 -1.57377432426862 1.83176678076883 0.658335538762848 -1.33613269160032 0.576598972942849 -0.394698751432722 -1.64877651179426 -1.32801944309115 -0.335983449123958 -1.67831926082652 -1.13649144423819 1.19304601178655
-0.936109161836655 -1.12389531888502 -1.6691367144699 -2.16326953270314 -0.669489655146664 -0.80085980691945 -1.51645085711199 -2.2565149907195 -1.16942307250001 0.658335538762844 1.70373285991396 -1.17392428467884 0.912505912511333 0.0690986793326545 -1.46046117267469 -1.41191174964419 -0.853374417240649 -1.0889223629851 -0.803094465314643 0.276345028114703
-0.366294925056986 1.01518065016415 0.0995679944293419 -0.370868946650114 -1.45678341659703 0.584397048006354 0.197705065842428 -0.84188554491195 -0.17402803311003 -1.33613269160035 -1.17392428467887 1.8267429389838 -0.801638189787854 -1.94450366972245 -0.620359466574426 -0.218708452613758 -0.186435899363876 -2.02249625674739 -1.44784734785537 -1.09218659485635
-0.607453227615991 -0.916186726566031 -1.14467436137613 -1.76875467665099 -0.432536048816999 -0.332763961046144 -1.16333604999414 -1.69730919676738 -1.03646545648329 0.576598972942842 0.912505912511328 -0.801638189787837 2.55677386437313 -0.079802048561179 -1.46730563960603 -0.843485473009152 -0.264722451836868 -1.16073279266458 -0.840084110910236 0.259257086208783
-1.45470368114401 -1.73815556840135 -1.68840298398396 -2.3429604936694 -0.826482190501056 -1.64613261112609 -2.13303487569021 -2.24706872889158 -0.495930823978453 -0.394698751432705 0.0690986793326758 -1.94450366972241 -0.0798020485611577 2.26721876009986 -2.04392333919925 -1.49342062243173 -1.4470573394178 -0.0817729603148587 1.04520896980966 -0.639508312108138
-0.203913203847506 -1.03320022396281 -0.927332330191849 -0.669304627719759 -1.49899218711106 -0.504476188435251 -0.570844163408621 -1.09099203726411 -0.989879018168387 -1.64877651179428 -1.46046117267471 -0.620359466574427 -1.46730563960605 -2.04392333919934 2.67248476760806 -0.159724255266208 -0.594192776570424 -2.464349745571 -2.00399871307052 -1.16728379782685
0.523501398770599 -0.395713963355887 0.462176458015906 -0.123713842580832 0.195803763949113 -0.126958858109729 -0.252929703734333 -0.0275090981075792 -0.377223180581528 -1.32801944309118 -1.41191174964421 -0.218708452613756 -0.84348547300917 -1.49342062243177 -0.159724255266203 1.61347804583021 0.763997496234031 -1.90288752986007 -1.26150581290892 -0.847658776969914
0.142011645118992 -0.503028765128638 0.0731317923829922 -0.505892181597052 -0.118439962105802 -0.206176148321144 -0.38164009857292 -0.919408454950267 -0.625436292930702 -0.335983449123977 -0.853374417240661 -0.186435899363873 -0.264722451836879 -1.44705733941784 -0.594192776570417 0.763997496234031 1.86194087298573 -1.93182714512388 -1.37217912250388 -0.0510058906547677
-1.89437246360084 -1.50990301310234 -1.99987735291079 -2.49851379546971 -1.60140183528428 -1.71625123685016 -2.15653330370176 -2.17479598443052 -1.04452281160816 -1.67831926082646 -1.08892236298504 -2.02249625674733 -1.16073279266448 -0.0817729603148125 -2.46434974557091 -1.90288752985999 -1.93182714512382 2.71899324375432 0.0682031100722567 -1.72886133351732
-1.36761386202081 -1.23093544409767 -1.035069279382 -1.7781397785504 -0.699823153189376 -1.16969957989844 -1.63446917191766 -2.14226986466106 0.526154803811808 -1.13649144423816 -0.803094465314619 -1.44784734785532 -0.840084110910226 1.04520896980966 -2.00399871307045 -1.26150581290887 -1.37217912250383 0.0682031100722149 2.3847608137655 -1.14880888945233
-0.0865843131272293 -1.29349316550324 -1.46289708702244 -1.84955548733115 -0.05097781805617 -0.998160042408003 -1.15337653784669 -1.80815016750438 -1.41645496233504 1.19304601178654 0.276345028114698 -1.09218659485634 0.259257086208779 -0.639508312108171 -1.16728379782684 -0.847658776969911 -0.0510058906547606 -1.7288613335174 -1.14880888945237 1.69068442616334
