0.00803552823879358
0.00388552457851484
0.00257165323175013
0.00331076663655606
0.00121727764411761
0.00226260515173883
0.00338261802171331
0.00456763650872035
0.0020558021644467
0.00516976163629798
0.00848176663193856
0.00270913168983246
0.00173718111157273
0.00452861363113973
0.00352526793770554
0.00320106387582
0.00370803720461826
0.00319109265052859
0.00369500077890991
0.00695913699699355
0.00387837438103584
0.00317710819281164
0.00229406667700286
0.00558554141671752
0.000677822184822027
0.00209851472680364
0.00653954999350504
0.00376429900898717
0.00169819314629398
0.00270957224819453
0.00457574092035191
0.00189628097289406
0.000997817070753892
0.00281559661469109
0.00252724181753715
0.00300796952523581
0.00297524329188846
0.00212112552223935
0.00310835969863562
0.00350675833379554
0.00233412375794804
0.00235088921697825
0.00227281209851947
0.00253033347594316
0.000559053101274458
0.00147774429990426
0.00233756482287201
0.00258810301621718
0.00132000398032896
0.00156737602601837
0.00239124939019626
0.002081711729428
0.000690690630989288
0.0017534512734096
0.00170192333789085
0.00239162875147743
0.00222283544205435
0.00149468878664563
0.0019987837189931
0.00199620194069101
0.00322731749724752
0.00556763211351285
0.00268205978403183
0.00301397243890107
0.000649549393255838
0.00176443929293475
0.00262151992191118
0.00348083719897468
0.00259559463646436
0.00209999222589196
0.00315317891078123
0.00430834428684852
0.000821460552943131
0.00201201151387587
0.00226278774448508
0.0031847347407832
0.00304080953041608
0.00190043805141115
0.00300254818897238
0.0027001263549441
0.00125676050173193
0.00074312183476746
0.000667991139172074
0.000654786541487145
0.00335323962087966
0.000445886897679608
0.000570408957430402
0.000893346287565757
0.000748585399937931
0.000946126060695734
0.0014103805523344
0.000565706671274485
0.00036163631714731
0.00102559308381929
0.00076553582565203
0.000721941463022428
0.000720511976105113
0.000671492374137523
0.00094299373744185
0.00118700560435839
0.00215618941492592
0.00201602219963431
0.0014894212071309
0.00174482541265084
0.000431091734092672
0.00140941766711365
0.00191632701850749
0.00198752039149123
0.00107515188456791
0.00149475045753611
0.00247821125721005
0.0015404514482022
0.000637114509692504
0.00151549763311509
0.00161471180737445
0.00180046221367264
0.00178796765516507
0.00140054452720019
0.00170548511979418
0.00187115163872576
0.00331243672240034
0.00603382355772108
0.00233178928028868
0.00230218022536462
0.000592187992926311
0.00182121182151521
0.00272755396819678
0.0030512685142734
0.00213658527961975
0.00246517581519615
0.0038697504619218
0.00477389949547143
0.000869989724741905
0.00234928826583098
0.00232828351150705
0.00303854553237834
0.00294387503273206
0.00226263329072089
0.00317021206867398
0.00311015949295257
0.00483109486329062
0.00377756276693787
0.00278821036231989
0.0035919150932107
0.00099273489946115
0.00196577026260417
0.00322398101898639
0.00448094792446742
0.00177121346409805
0.00286765556855829
0.00426793753926183
0.00281134728196002
0.00121032294465466
0.00307874991639888
0.00304580922924786
0.00316168751879412
0.00330974327354168
0.00223908218617483
0.00287296509077105
0.0037809066676863
0.00202453904935037
0.00183492433728391
0.00117754677543655
0.00254997357043973
0.000807458188632771
0.00103942932765407
0.00235242187263852
0.00200450011678091
0.00270622352154908
0.00136695255704322
0.00224431244759163
0.00113332900093859
0.000628508763114185
0.00161677158860752
0.00133309010422387
0.00188694255598132
0.00177909221745187
0.00145366062277359
0.0019165182461585
0.00178100288976543
0.00513371663400997
0.00249898382972212
0.00157449952829435
0.00207245773829335
0.000889333761350238
0.00147522316116275
0.00243718856243854
0.00267531789992577
0.00135084776250981
0.00487764503435267
0.00670196026016138
0.00213749364377214
0.00125823398215515
0.0034373567242563
0.00227252703120596
0.00200032102915033
0.00238766255988241
0.00225693432590952
0.0027410293092767
0.0052357068780463
0.00833656651404499
0.00461662657765083
0.00239216307755931
0.00301143247963343
0.0013445359281212
0.00247459443744948
0.00395603222721978
0.00400798432542842
0.00229357259227257
0.00669690305240809
0.0114229441389095
0.00310635947428121
0.0020014523079867
0.00561492577928915
0.00365014338826787
0.0030892276672574
0.00355036662748001
0.0039737776113024
0.00433574861719666
0.00774703135865631
0.00269448472892231
0.00186583930016226
0.00193846510685389
0.00435049425467005
0.000458535090766326
0.00156016137390942
0.00508888470234882
0.00289306134833216
0.00111149536022221
0.00209812551788128
0.00307436965469873
0.00194026012077362
0.00078802257955152
0.00200098515079314
0.00174375393775395
0.00235985577137479
0.00238209695105867
0.00144289996383094
0.0025526384451694
0.00255514025752197
0.00175910972265673
0.0010492529424139
0.00069836862716871
0.000908529900490675
0.000394591041004897
0.00057619151003728
0.000964162319436998
0.00120446727150824
0.000552961348558909
0.00129090116104817
0.00199451231645547
0.000843936101777399
0.000555312715526892
0.001314704414603
0.000940896348341154
0.000849901093616941
0.000938435724806054
0.000977401709088037
0.00107998214153695
0.0014927288175495
0.00456347013606032
0.00284538647137716
0.00159520854428476
0.00199179688190116
0.00108307383051483
0.00155233798562683
0.00247191234258452
0.00291017060288657
0.00180082888393437
0.00353260465804751
0.00573283276204808
0.00193367715120533
0.00133495588984105
0.0038101771900422
0.00260951796819724
0.00214280070171361
0.0023179279774859
0.00292079692743552
0.00293041759956742
0.00406802738973683
0.00339010821709049
0.00272175817773372
0.00174055280724603
0.00228679843829726
0.000696146552133384
0.00166053039841765
0.00242137150214909
0.00281107546424966
0.00137236012908829
0.00236642206199965
0.00386975616530396
0.00169158247224172
0.000916331500853905
0.00248785165283447
0.00231048894765292
0.00222697876501614
0.00226267502274383
0.00242460241100182
0.00295219478232951
0.0028991751991401
0.00345721604326704
0.00310786390703291
0.00237853997140611
0.00314490369960961
0.000767303327888027
0.00190713054846264
0.00306646891876064
0.00323830874798378
0.00183442374092781
0.00215690348297234
0.003223504070945
0.00234708069145702
0.000890094235657803
0.00222231353985822
0.00224424694520631
0.00302528422147903
0.00286299424131505
0.00221334639469157
0.00229987783668462
0.00278266074635224
0.00388332965707313
0.00299436186549517
0.00225293049471385
0.00294929549880933
0.000727954534515135
0.00180518620303738
0.0029489705798243
0.0032819819307347
0.00167696090193679
0.00251525522154802
0.0036914487441173
0.00242377653000756
0.000922787566216496
0.00230859559551533
0.0022897850795274
0.00277007017141139
0.00307162618450178
0.00191834501391819
0.00217735658259263
0.00329952521279776
0.00312688535203076
0.00254099134371546
0.0017093943037851
0.00164699371342813
0.00096262087064155
0.00148399732733359
0.00202990491320931
0.00229215986688394
0.00155498148941364
0.00238404256832424
0.00393169210610047
0.00160940799088803
0.00104093990908132
0.00279638364927787
0.00264821242133456
0.00173868180957532
0.00160244989542328
0.00279669273379316
0.00250152925791601
0.00292616524057857
0.00368087384683932
0.00343958479688464
0.00197070865567221
0.00309187147678987
0.00094767595733284
0.00165966157871762
0.00313466998545361
0.00299891391010443
0.00178484057316456
0.00282033471725618
0.00438965504730049
0.00250824494588574
0.00106355943701183
0.00291050782025453
0.00275303474995562
0.00224438268290947
0.00225553261424324
0.00265214066453253
0.00266888305174465
0.00308936980592227
0.00680099078562417
0.0032728562374084
0.00190637491070543
0.00257028872556268
0.00105689934585236
0.00180669044155067
0.00300142726661389
0.00371137408317786
0.00167775431984128
0.00509822871516126
0.00759154115856138
0.00252380329263513
0.00145058566795905
0.00394713164038882
0.0029183566995879
0.00254981572730544
0.00301761419568735
0.00267136841888219
0.0031303889793975
0.006624283215618
