1.50124580949293 -0.628144054977039 -0.516515911964442 -0.544482785301614 -0.153021796377772 -0.246952551817028 -0.233115919551833 -0.199313359600126 -0.734425497999163 -0.786942249332084 -0.911889473338598 -0.446064044128302 -0.567144804941407 -1.28068633591176 -0.17899262822566 0.389361235958511 0.026538959522445 -1.56828817273358 -1.20171157741112 -0.151675664457356
-0.628144054977038 2.09907445466598 -0.350418079571537 -0.871198413790253 -1.08674593273699 0.316752753241627 -0.377781385010053 -1.10179491584692 0.133142288349714 -1.24262551321062 -1.01839665222865 0.835500738062174 -0.758328347359433 -1.58474391249256 -0.934231333917809 -0.458960630755829 -0.513394028541605 -1.0418439123288 -1.07494107017464 -1.15978750794961
-0.516515911964439 -0.350418079571536 2.00862198802947 0.572274764572677 -0.989743881334611 -0.00700466544878076 -0.201959359731476 -0.255890838376874 0.329405579055619 -1.62075161149976 -1.53589065691642 0.0276678846572453 -1.01693295191252 -1.52772292157107 -0.916514889915074 0.344080719937303 -0.0165040709161959 -1.71080213427365 -0.864275518342582 -1.37740530357095
-0.544482785301611 -0.871198413790247 0.572274764572677 1.97047295184497 -1.83920565792821 -0.135979393175215 0.787044942699731 -0.516859591710713 -0.373648358516684 -2.02719510503641 -1.96723822708735 -0.409161006836523 -1.60422313912505 -2.17938356541168 -0.70593701353879 -0.228817901947604 -0.594882865126434 -1.9787408852327 -1.54607300718578 -1.64100111734413
-0.153021796377771 -1.08674593273697 -0.989743881334613 -1.8392056579282 3.63155225256745 -1.41915502420903 -1.8864118601674 -1.28169107115628 -1.0349400615505 -0.806578184993461 -1.03216400284312 -1.53212008742824 -0.836365444903915 -0.913420864118318 -1.69823232648533 -0.165036940130185 -0.527567090960157 -1.63064391642499 -0.798713342131007 -0.413625374078589
-0.24695255181702 0.316752753241632 -0.00700466544877631 -0.135979393175205 -1.41915502420902 1.88962819189637 0.5029811307864 -0.930169925631899 0.384726952643605 -1.06476839778046 -0.787683446429998 0.466230752627748 -0.398431731558025 -1.4172749520043 -0.571569737801111 -0.184325669106135 -0.240465427954161 -1.49214381655761 -1.11908396930768 -0.91882907786523
-0.233115919551834 -0.377781385010051 -0.201959359731481 0.787044942699731 -1.8864118601674 0.502981130786394 1.69650288706282 -0.894790414829322 -0.436238987109032 -1.45798752260103 -1.4427390617962 0.0855935166624722 -1.04488687980986 -1.90024208849624 -0.594618072611236 -0.339371115363735 -0.399616706566241 -1.76461913461311 -1.45229963885482 -1.04274082080379
-0.199313359600125 -1.10179491584691 -0.255890838376868 -0.516859591710716 -1.28169107115627 -0.930169925631904 -0.894790414829319 2.16208274669484 -1.13172976315363 -2.33446876397028 -2.27286063756931 -0.937973696984685 -1.62161489754718 -2.24502331299293 -1.14893095317007 -0.207820966228483 -1.03877055161555 -2.11890073901268 -1.93885043499076 -1.8714031193483
-0.734425497999153 0.133142288349714 0.329405579055623 -0.373648358516685 -1.0349400615505 0.384726952643603 -0.436238987109016 -1.13172976315363 2.75833918196383 -1.42120688877417 -0.987318819632655 -0.194767466653891 -0.833102033779855 -0.370135421091543 -0.775658024789157 -0.35941968629418 -0.586053655269732 -0.67869446714492 0.552886779433343 -1.22470668132207
-0.786942249332084 -1.24262551321061 -1.62075161149978 -2.0271951050364 -0.806578184993453 -1.06476839778046 -1.45798752260103 -2.33446876397029 -1.42120688877417 1.84370012460943 0.561554164763568 -1.22392057606029 0.517102084279689 -0.361760815143565 -1.44894723041134 -1.30457073029235 -0.42439920627747 -1.28665296962728 -0.93572182163796 1.07452645858981
-0.911889473338596 -1.01839665222866 -1.53589065691644 -1.96723822708734 -1.03216400284313 -0.787683446430005 -1.44273906179619 -2.27286063756931 -0.987318819632656 0.561554164763567 1.7369304302324 -1.10670608489779 0.797314989997036 0.123319830311544 -1.38241478626264 -1.37129638941758 -0.855889794115926 -0.888220502762994 -0.679193717308992 0.150901676215458
-0.446064044128296 0.835500738062172 0.0276678846572453 -0.409161006836518 -1.53212008742823 0.466230752627744 0.0855935166624731 -0.937973696984676 -0.194767466653899 -1.22392057606029 -1.10670608489778 1.74048672077993 -0.723613590380744 -1.78070365202248 -0.582207795349885 -0.277058329507008 -0.205500296552803 -1.61118355911449 -1.27765751590268 -1.05449586958347
-0.567144804941404 -0.758328347359414 -1.01693295191254 -1.60422313912502 -0.836365444903924 -0.398431731558027 -1.04488687980985 -1.62161489754719 -0.833102033779864 0.517102084279684 0.797314989997036 -0.723613590380741 2.6117096431208 -0.0677754370692192 -1.33519594428883 -0.849519522432811 -0.314791326517831 -0.867774448991934 -0.721757257266779 0.111333888971565
-1.28068633591175 -1.58474391249255 -1.52772292157108 -2.1793835654117 -0.913420864118318 -1.41727495200429 -1.90024208849623 -2.24502331299293 -0.370135421091552 -0.361760815143567 0.123319830311541 -1.78070365202248 -0.0677754370692147 2.57502558067209 -1.89293160639434 -1.37771714843512 -1.36893153628589 0.413456270715813 1.27496672328236 -0.610244224946749
-0.178992628225662 -0.934231333917801 -0.916514889915073 -0.705937013538795 -1.69823232648534 -0.571569737801124 -0.594618072611235 -1.14893095317006 -0.775658024789177 -1.44894723041133 -1.38241478626263 -0.582207795349889 -1.33519594428886 -1.8929316063943 2.54590067562638 -0.253702815804331 -0.66433153137097 -1.93197754637396 -1.77544973844621 -1.10527967881494
0.389361235958516 -0.458960630755821 0.344080719937305 -0.228817901947601 -0.165036940130181 -0.18432566910614 -0.339371115363732 -0.207820966228481 -0.359419686294182 -1.30457073029235 -1.37129638941758 -0.277058329507006 -0.849519522432812 -1.37771714843512 -0.253702815804328 1.55327993986538 0.621805706856452 -1.55786450223938 -1.03997344924687 -0.932490490866634
0.0265389595224503 -0.513394028541597 -0.0165040709161923 -0.594882865126426 -0.527567090960153 -0.240465427954163 -0.399616706566237 -1.03877055161554 -0.586053655269735 -0.424399206277463 -0.855889794115921 -0.205500296552798 -0.314791326517826 -1.36893153628587 -0.664331531370965 0.621805706856454 1.76883338365183 -1.70977333781602 -1.25314777626919 -0.127730663348741
-1.56828817273358 -1.0418439123288 -1.71080213427368 -1.97874088523265 -1.63064391642499 -1.49214381655759 -1.76461913461309 -2.11890073901264 -0.678694467144974 -1.2866529696273 -0.888220502762994 -1.61118355911453 -0.867774448991954 0.41345627071581 -1.93197754637394 -1.55786450223942 -1.70977333781605 3.88669797235743 0.543227860325294 -1.38054913759181
-1.20171157741113 -1.07494107017464 -0.86427551834259 -1.54607300718576 -0.798713342130975 -1.11908396930767 -1.45229963885481 -1.9388504349908 0.552886779433337 -0.935721821637955 -0.679193717308984 -1.27765751590267 -0.721757257266789 1.27496672328236 -1.7754497384462 -1.03997344924688 -1.25314777626922 0.543227860325297 2.69458157223819 -1.01422814501598
-0.151675664457357 -1.1597875079496 -1.37740530357097 -1.64100111734412 -0.413625374078587 -0.91882907786523 -1.04274082080379 -1.8714031193483 -1.22470668132207 1.07452645858981 0.150901676215456 -1.05449586958348 0.111333888971568 -0.610244224946753 -1.10527967881494 -0.932490490866631 -0.127730663348749 -1.38054913759183 -1.01422814501599 1.68716408915455
