1.73345953027752 -0.846527168259534 -0.755756927125637 -0.765970753572798 -0.311748129670182 -0.392708402554689 -0.381167529935033 -0.363502986163977 -0.966711368651621 -1.05564169135014 -1.14183641767525 -0.636334240907456 -0.738101216492364 -1.53546200851868 -0.339568072020231 0.327555644410848 -0.109895807386587 -1.83569909463946 -1.4474829349105 -0.26142511002058
-0.846527168259533 2.30592655708502 -0.554967472412118 -1.17921306164972 -1.31913000392732 0.208889472468341 -0.598377681586729 -1.36821670503826 0.00310595295386218 -1.51088869935878 -1.24431154953486 0.768296093404807 -0.959727499553772 -1.90020722919695 -1.19794866225065 -0.656554163050001 -0.727961796141753 -1.24985131022493 -1.31512375129692 -1.42874593310725
-0.755756927125636 -0.554967472412117 2.27327181278279 0.491591224540769 -1.23137126672687 -0.136602717590473 -0.423874810960628 -0.432484691328959 0.241423901111956 -1.95125546449399 -1.83379817639344 -0.0953565798403107 -1.22936590321724 -1.81503324336389 -1.19282381413037 0.275024828123209 -0.149756770947326 -2.01076113651107 -1.06334189785703 -1.68758528247747
-0.765970753572795 -1.17921306164971 0.49159122454077 2.17128295134304 -2.23180850642792 -0.334419218837794 0.712811318382946 -0.730371623745949 -0.573752026993711 -2.42437345652914 -2.3353523542803 -0.640804286283172 -1.96150710559136 -2.56239793743495 -0.935766734172334 -0.404081260328168 -0.836641583655768 -2.28598211766392 -1.83946117277368 -1.98905902931784
-0.311748129670181 -1.3191300039273 -1.23137126672687 -2.23180850642792 3.76386748136696 -1.75279603462689 -2.34580603732287 -1.56502408726478 -1.27316856262466 -1.059143756559 -1.29169639559111 -1.89082348198591 -1.06482685996894 -1.14776629638203 -2.0690672446824 -0.313565962063837 -0.739946410724325 -1.92709807469109 -1.01601408845211 -0.598669499046469
-0.392708402554681 0.208889472468345 -0.136602717590469 -0.334419218837782 -1.75279603462688 2.20885861074619 0.446624276672272 -1.18418976961583 0.318476367128472 -1.31356914036575 -0.96516679780885 0.397241016262345 -0.512433007444357 -1.70086698807112 -0.774056382251197 -0.331196489442701 -0.396899353230513 -1.76007338488649 -1.38140639589648 -1.15180082381279
-0.381167529935033 -0.598377681586728 -0.423874810960637 0.712811318382944 -2.34580603732287 0.446624276672266 1.91740527712391 -1.15947132434774 -0.651902147206755 -1.76743328146909 -1.73030105416213 -0.0419882387266215 -1.27771377763282 -2.24287138055405 -0.810302939660134 -0.535743272112178 -0.586100045792028 -2.04627732091314 -1.72742994688426 -1.26232878778654
-0.363502986163975 -1.36821670503826 -0.432484691328954 -0.730371623745953 -1.56502408726478 -1.18418976961583 -1.15947132434773 2.26800787475106 -1.40800816314972 -2.75171067751836 -2.65344241501604 -1.1884537315673 -1.89540440032093 -2.57886196807327 -1.42908036575496 -0.373696889892614 -1.34457269617277 -2.41818943373805 -2.25755560752266 -2.22927035406682
-0.96671136865161 0.00310595295386129 0.24142390111196 -0.573752026993713 -1.27316856262466 0.318476367128468 -0.651902147206735 -1.40800816314973 3.00818703083049 -1.75047284057728 -1.21237088452549 -0.381998077591266 -1.04794219177872 -0.577036124463716 -0.991972431475991 -0.533874378297153 -0.802475976625533 -0.902040512826954 0.445920324522939 -1.49532260863721
-1.05564169135014 -1.51088869935877 -1.95125546449401 -2.42437345652912 -1.05914375655899 -1.31356914036575 -1.76743328146909 -2.75171067751837 -1.75047284057728 2.0636261199071 0.437959460407661 -1.4912216592241 0.411117652688871 -0.572629092608548 -1.74452292734859 -1.63179317818124 -0.601422081384549 -1.57098919620669 -1.19654264169045 1.02799029143968
-1.14183641767525 -1.24431154953487 -1.83379817639346 -2.33535235428028 -1.29169639559111 -0.96516679780886 -1.73030105416213 -2.65344241501604 -1.21237088452549 0.437959460407661 1.88963766010658 -1.34689647789771 0.711199280923672 -0.0386805067010174 -1.64373522043391 -1.67652400011279 -1.0982422466148 -1.13340777487631 -0.934386803056989 -0.0300305643993219
-0.636334240907449 0.768296093404804 -0.0953565798403098 -0.640804286283167 -1.89082348198589 0.397241016262341 -0.0419882387266206 -1.18845373156729 -0.381998077591275 -1.49122165922409 -1.3468964778977 1.98084580851143 -0.908881720855567 -2.13853830369671 -0.78448229619858 -0.451676325648268 -0.353631946948473 -1.90212143380814 -1.54134844608181 -1.30283564487685
-0.738101216492361 -0.959727499553749 -1.22936590321726 -1.96150710559132 -1.06482685996895 -0.512433007444359 -1.27771377763281 -1.89540440032094 -1.04794219177873 0.411117652688866 0.711199280923673 -0.908881720855565 2.9154916564351 -0.23459215948689 -1.62223279191364 -1.06683085291662 -0.447435970914446 -1.09192355881255 -0.963619176914975 -0.063560089952313
-1.53546200851868 -1.90020722919694 -1.81503324336389 -2.56239793743497 -1.14776629638203 -1.70086698807111 -2.24287138055403 -2.57886196807326 -0.577036124463729 -0.57262909260855 -0.038680506701021 -2.13853830369672 -0.234592159486883 2.73370313429143 -2.21016459338319 -1.6290876077419 -1.66061954446349 0.219281274213618 1.14945798637213 -0.843384620201542
-0.339568072020234 -1.19794866225064 -1.19282381413037 -0.935766734172338 -2.06906724468241 -0.774056382251212 -0.810302939660134 -1.42908036575494 -0.991972431476012 -1.74452292734858 -1.6437352204339 -0.784482296198585 -1.62223279191367 -2.21016459338314 2.67865007795596 -0.418386816978662 -0.896750605708053 -2.22668299793229 -2.09240409345256 -1.35120576975794
0.327555644410854 -0.656554163049992 0.275024828123213 -0.404081260328163 -0.313565962063834 -0.331196489442706 -0.535743272112175 -0.373696889892613 -0.533874378297155 -1.63179317818124 -1.67652400011278 -0.451676325648267 -1.06683085291662 -1.62908760774189 -0.41838681697866 1.82989136401868 0.587100382392623 -1.81675739731439 -1.2517292224477 -1.21705489340507
-0.109895807386581 -0.727961796141743 -0.149756770947321 -0.836641583655758 -0.739946410724319 -0.396899353230515 -0.586100045792025 -1.34457269617276 -0.802475976625538 -0.601422081384542 -1.09824224661479 -0.353631946948467 -0.447435970914441 -1.66061954446347 -0.896750605708049 0.587100382392626 2.02625097470479 -2.01378911792021 -1.52389947145557 -0.248554618727458
-1.83569909463946 -1.24985131022493 -2.0107611365111 -2.28598211766386 -1.9270980746911 -1.76007338488646 -2.04627732091312 -2.41818943373799 -0.902040512827012 -1.57098919620671 -1.13340777487631 -1.90212143380818 -1.09192355881258 0.219281274213612 -2.22668299793227 -1.81675739731443 -2.01378911792024 3.98751509344677 0.355660080472742 -1.66124344319972
-1.44748293491051 -1.31512375129692 -1.06334189785704 -1.83946117277365 -1.01601408845207 -1.38140639589647 -1.72742994688425 -2.25755560752271 0.445920324522934 -1.19654264169045 -0.934386803056982 -1.54134844608181 -0.963619176914991 1.14945798637213 -2.09240409345254 -1.25172922244772 -1.52389947145561 0.355660080472743 2.85286065363067 -1.26943724441749
-0.261425110020581 -1.42874593310724 -1.68758528247748 -1.98905902931783 -0.598669499046469 -1.15180082381279 -1.26232878778654 -2.22927035406682 -1.49532260863721 1.02799029143968 -0.0300305643993246 -1.30283564487686 -0.0635600899523077 -0.843384620201548 -1.35120576975794 -1.21705489340506 -0.248554618727467 -1.66124344319974 -1.2694372444175 1.8923816329013
