1.98161352551169 -1.18430138331629 -1.13243333077186 -1.11021114951997 -0.583301065709009 -0.645827619145092 -0.637098686329239 -0.639599890539249 -1.32191972414891 -1.47528146033109 -1.48866956446991 -0.94189684065875 -1.01636450246019 -1.90830051022437 -0.612307752154437 0.162339074172852 -0.361278455083696 -2.22099059954653 -1.81038688707871 -0.473507049702556
-1.18430138331629 2.52277253257917 -0.882010103862351 -1.63439781163089 -1.66422058083306 -0.0085262725623414 -0.946927136707497 -1.75699688607196 -0.238209702492282 -1.90123049534497 -1.58551099120032 0.59135971439749 -1.27551930754479 -2.34919342543816 -1.58861137595409 -0.969650782942176 -1.06490552822354 -1.56943837853789 -1.67415664164394 -1.82269772230444
-1.13243333077186 -0.882010103862354 2.55145002504025 0.303680389863601 -1.59377786149704 -0.372457767775423 -0.781892968711767 -0.721556783979564 0.0458048699849387 -2.42005250463933 -2.25929396706949 -0.324160468152021 -1.55205999039456 -2.22856039457671 -1.60311209989435 0.103427769027046 -0.395172457395946 -2.43859684260382 -1.37605160167382 -2.13608536241302
-1.11021114951997 -1.63439781163087 0.303680389863603 2.38469667404478 -2.79027651241345 -0.661919784651531 0.529746904935124 -1.06046151346941 -0.893459915254837 -2.97842278877112 -2.84979757868398 -1.00288408923775 -2.48340287752964 -3.09554546430111 -1.28371280254353 -0.693403083297715 -1.20954224473133 -2.71658581032167 -2.26215119026379 -2.48931366126448
-0.583301065709008 -1.66422058083303 -1.59377786149704 -2.79027651241343 3.89675813438573 -2.23746646723363 -3.03807552547944 -1.97645621959964 -1.62811922336183 -1.43879872440229 -1.67260235363064 -2.41127758843284 -1.40925240623232 -1.4994736566233 -2.60115278088501 -0.571661637233563 -1.07378980103298 -2.34801912098571 -1.34888567896744 -0.895808767834245
-0.645827619145083 -0.00852627256233784 -0.372457767775418 -0.661919784651515 -2.23746646723361 2.54823881065728 0.287584588719645 -1.56133282385379 0.148204428556118 -1.68410489905567 -1.24868569768229 0.223857752663334 -0.725224014540162 -2.11045384800216 -1.0908699769032 -0.586097186677756 -0.664000676597835 -2.14810194490418 -1.77423358304452 -1.50503107865273
-0.63709868632924 -0.946927136707497 -0.781892968711779 0.529746904935123 -3.03807552547943 0.287584588719639 2.15583191602867 -1.55096341153587 -0.993219346835444 -2.21682570806068 -2.14614525256447 -0.278131250809357 -1.62931186565697 -2.7231025477958 -1.14349836651512 -0.851772428178463 -0.886418661944696 -2.44663432567482 -2.12311063980306 -1.59300611176916
-0.639599890539246 -1.75699688607196 -0.721556783979556 -1.06046151346942 -1.97645621959964 -1.5613328238538 -1.55096341153586 2.37597761525817 -1.81236998506285 -3.32894024753387 -3.18039647516884 -1.55959963973074 -2.28648486241529 -3.03954926987302 -1.83610875250531 -0.650165687288196 -1.80058874070048 -2.83779137308914 -2.70568491632484 -2.73957564613843
-1.3219197241489 -0.238209702492284 0.0458048699849432 -0.893459915254843 -1.62811922336183 0.148204428556115 -0.993219346835421 -1.81236998506285 3.26293301775006 -2.22832474043195 -1.55150127545085 -0.692066427386987 -1.37878875663604 -0.904953142605515 -1.32307873546094 -0.82210941877172 -1.14116987259294 -1.24328629474611 0.227038606134434 -1.88642728743466
-1.47528146033109 -1.90123049534496 -2.42005250463936 -2.97842278877109 -1.43879872440228 -1.68410489905568 -2.21682570806068 -3.32894024753388 -2.22832474043197 2.30916608634654 0.203956681504489 -1.88209697930724 0.198029641098775 -0.901355645098296 -2.16886220304325 -2.11106073574044 -0.89353882483542 -1.98037148706421 -1.57957331643648 0.875475657884621
-1.48866956446991 -1.58551099120032 -2.25929396706951 -2.84979757868396 -1.67260235363065 -1.2486856976823 -2.14614525256447 -3.18039647516884 -1.55150127545084 0.203956681504489 2.05238233653668 -1.70554481122438 0.515601618284908 -0.31386032210461 -2.02257293553572 -2.11899780173029 -1.46438393068704 -1.49720470532791 -1.31589015089473 -0.331804714019685
-0.941896840658741 0.591359714397487 -0.324160468152018 -1.00288408923775 -2.41127758843282 0.22385775266333 -0.278131250809356 -1.55959963973073 -0.692066427386996 -1.88209697930723 -1.70554481122437 2.23927740747022 -1.20476420892433 -2.64852342160565 -1.10016779510195 -0.741317619612229 -0.610168677727261 -2.3208810977064 -1.92658778249808 -1.67240635580012
-1.01636450246018 -1.27551930754477 -1.55205999039459 -2.48340287752959 -1.40925240623233 -0.725224014540163 -1.62931186565696 -2.28648486241531 -1.37878875663605 0.198029641098771 0.515601618284909 -1.20476420892433 3.22950893351706 -0.513788310802668 -2.03926989609528 -1.40435574212395 -0.683371771320156 -1.42965234901113 -1.32696151647783 -0.359554930762777
-1.90830051022435 -2.34919342543815 -2.22856039457672 -3.09554546430115 -1.49947365662331 -2.11045384800216 -2.72310254779578 -3.03954926987302 -0.90495314260553 -0.9013556450983 -0.313860322104613 -2.64852342160565 -0.513788310802661 2.89847322771125 -2.6544378759121 -1.99418400398496 -2.08255638312913 -0.091908114377353 0.909079390240881 -1.19720032607652
-0.61230775215444 -1.58861137595407 -1.60311209989434 -1.28371280254354 -2.60115278088504 -1.09086997690322 -1.14349836651512 -1.83610875250529 -1.32307873546096 -2.16886220304325 -2.02257293553571 -1.10016779510196 -2.03926989609532 -2.65443787591204 2.81306766517324 -0.693413576024478 -1.2534977524494 -2.64204841512479 -2.54015555261168 -1.71612380482859
0.162339074172858 -0.969650782942165 0.10342776902705 -0.693403083297712 -0.57166163723356 -0.586097186677762 -0.85177242817846 -0.650165687288196 -0.822109418771722 -2.11106073574043 -2.11899780173029 -0.741317619612226 -1.40435574212395 -1.99418400398495 -0.693413576024474 2.13239454476218 0.448488457717124 -2.19044332861921 -1.57423026626559 -1.66005114983133
-0.361278455083689 -1.06490552822353 -0.395172457395941 -1.20954224473132 -1.07378980103298 -0.664000676597839 -0.886418661944696 -1.80058874070048 -1.14116987259295 -0.893538824835411 -1.46438393068704 -0.610168677727255 -0.683371771320151 -2.08255638312911 -1.25349775244939 0.448488457717127 2.29932667747356 -2.44577724064639 -1.92013443385441 -0.473892701149154
-2.22099059954653 -1.56943837853789 -2.43859684260386 -2.71658581032158 -2.34801912098571 -2.14810194490413 -2.44663432567479 -2.83779137308903 -1.24328629474617 -1.98037148706424 -1.49720470532793 -2.32088109770645 -1.42965234901116 -0.0919081143773584 -2.64204841512474 -2.19044332861925 -2.44577724064642 4.08879633529593 0.0514287221228322 -2.06342636194006
-1.81038688707874 -1.67415664164394 -1.37605160167383 -2.26215119026374 -1.34888567896738 -1.7742335830445 -2.12311063980305 -2.70568491632491 0.227038606134432 -1.57957331643647 -1.31589015089472 -1.92658778249808 -1.32696151647785 0.90907939024088 -2.54015555261165 -1.57423026626561 -1.92013443385445 0.0514287221228322 3.01668179095981 -1.64357132163385
-0.473507049702556 -1.82269772230443 -2.13608536241304 -2.48931366126447 -0.895808767834245 -1.50503107865272 -1.59300611176916 -2.73957564613842 -1.88642728743466 0.875475657884621 -0.331804714019687 -1.67240635580012 -0.359554930762772 -1.19720032607653 -1.71612380482859 -1.66005114983131 -0.473892701149165 -2.06342636194009 -1.64357132163387 2.11941208686309
